
$orca_hessian_file

$act_atom
  5

$act_coord
  2

$act_energy
      -11.548150

$hessian
18
                    0                  1                  2                  3                  4        
    0     -2.7008853347E-02  -8.3088966011E-02   3.1754734917E-03  -7.0000101006E-03   3.0202732104E-02
    1     -8.3088966011E-02   5.8449638086E-01   3.5128518228E-04   3.0198555579E-02  -2.2365804986E-01
    2      3.1754734917E-03   3.5128518228E-04   5.9578838378E-01  -2.0067163304E-02   1.4456727547E-01
    3     -7.0000101006E-03   3.0198555579E-02  -2.0067163304E-02   4.1453975075E-02  -2.7748348736E-02
    4      3.0202732104E-02  -2.2365804986E-01   1.4456727547E-01  -2.7748348736E-02   2.3960593671E-01
    5     -2.0067654412E-02   1.4457097590E-01  -1.5555111068E-01   2.1567003280E-02  -1.5677184753E-01
    6     -3.5921342062E-03   5.6091127066E-03   3.8435436232E-03  -9.1349559811E-04  -5.0796113268E-04
    7      5.6128997228E-03  -4.6468061388E-02  -4.1470753696E-02  -3.8749449244E-04   2.7494551479E-03
    8      3.8440694703E-03  -4.1474321262E-02  -3.3617419121E-01   2.3344901031E-04  -2.3643331476E-03
    9     -7.9549158285E-03   3.8439972459E-02   1.3390495233E-02  -1.3055560709E-03   2.6351544185E-03
   10      3.8443869295E-02  -2.9486074044E-01  -1.0340324604E-01   2.5147229091E-03  -2.0110488465E-02
   11      1.3390852855E-02  -1.0340326597E-01  -8.3367227070E-02  -2.0543724445E-03   1.5664639307E-02
   12      2.2794277504E-02   4.4233289109E-03  -1.7050639965E-04  -1.6795594480E-02  -3.5438067576E-03
   13      4.4315702573E-03  -9.7560578403E-03  -2.2297202100E-05   3.8060338301E-03   1.3659608667E-03
   14     -1.6907650077E-04  -2.2061301334E-05  -1.0348256013E-02  -4.6400329765E-03  -1.1825362048E-03
   15      2.2795576126E-02   4.4212586006E-03  -1.7196698911E-04  -1.5440327017E-02  -1.0374484334E-03
   16      4.4240010178E-03  -9.7572959620E-03  -2.2396888025E-05  -8.3845252720E-03   4.9582034766E-05
   17     -1.7400715293E-04  -2.2658327081E-05  -1.0348316064E-02   4.9611345676E-03   8.6758556724E-05
                    5                  6                  7                  8                  9        
    0     -2.0067654412E-02  -3.5921342062E-03   5.6128997228E-03   3.8440694703E-03  -7.9549158285E-03
    1      1.4457097590E-01   5.6091127066E-03  -4.6468061388E-02  -4.1474321262E-02   3.8439972459E-02
    2     -1.5555111068E-01   3.8435436232E-03  -4.1470753696E-02  -3.3617419121E-01   1.3390495233E-02
    3      2.1567003280E-02  -9.1349559811E-04  -3.8749449244E-04   2.3344901031E-04  -1.3055560709E-03
    4     -1.5677184753E-01  -5.0796113268E-04   2.7494551479E-03  -2.3643331476E-03   2.6351544185E-03
    5      1.6506734699E-01  -2.9312779151E-03   2.1351828282E-02  -1.7113699999E-02   1.1111918719E-03
    6     -2.9312779151E-03   3.7764843948E-02  -1.0848887812E-03  -4.3589940832E-03  -9.9348518148E-04
    7      2.1351828282E-02  -1.0848887812E-03   4.7476076401E-02   4.4951299849E-02   2.5132431066E-04
    8     -1.7113699999E-02  -4.3589940832E-03   4.4951299849E-02   3.6091271355E-01   1.4582231444E-04
    9      1.1111918719E-03  -9.9348518148E-04   2.5132431066E-04   1.4582231444E-04   4.2461959707E-02
   10     -8.0571389932E-03   3.7176571964E-04  -3.8023034391E-03  -1.4547587746E-03  -3.6687483309E-02
   11      6.1298046162E-03   3.3112430158E-03  -2.5175609841E-02  -1.0488866659E-02  -1.4709316098E-02
   12      1.0657354084E-03  -1.6218076872E-02  -2.4140703794E-03  -1.3805550602E-03  -1.5341621789E-02
   13     -4.5805019554E-04  -1.1083249528E-03   1.4015750052E-04  -2.7642623688E-05  -9.5044023747E-03
   14      7.5367519363E-04   7.7777059365E-03   1.2015356684E-03   1.4004390444E-03  -2.8803396238E-03
   15     -7.4519139963E-04  -1.6048628220E-02  -1.9776863240E-03   1.5162272464E-03  -1.6867402082E-02
   16     -6.3685714984E-04  -3.2805653565E-03  -9.4361097115E-05   3.7007353734E-04   4.8643127573E-03
   17      7.1422692364E-04  -7.6422077794E-03  -8.5830452049E-04   1.4638653104E-03   2.9421513635E-03
                   10                 11                 12                 13                 14        
    0      3.8443869295E-02   1.3390852855E-02   2.2794277504E-02   4.4315702573E-03  -1.6907650077E-04
    1     -2.9486074044E-01  -1.0340326597E-01   4.4233289109E-03  -9.7560578403E-03  -2.2061301334E-05
    2     -1.0340324604E-01  -8.3367227070E-02  -1.7050639965E-04  -2.2297202100E-05  -1.0348256013E-02
    3      2.5147229091E-03  -2.0543724445E-03  -1.6795594480E-02   3.8060338301E-03  -4.6400329765E-03
    4     -2.0110488465E-02   1.5664639307E-02  -3.5438067576E-03   1.3659608667E-03  -1.1825362048E-03
    5     -8.0571389932E-03   6.1298046162E-03   1.0657354084E-03  -4.5805019554E-04   7.5367519363E-04
    6      3.7176571964E-04   3.3112430158E-03  -1.6218076872E-02  -1.1083249528E-03   7.7777059365E-03
    7     -3.8023034391E-03  -2.5175609841E-02  -2.4140703794E-03   1.4015750052E-04   1.2015356684E-03
    8     -1.4547587746E-03  -1.0488866659E-02  -1.3805550602E-03  -2.7642623688E-05   1.4004390444E-03
    9     -3.6687483309E-02  -1.4709316098E-02  -1.5341621789E-02  -9.5044023747E-03  -2.8803396238E-03
   10      3.1681084779E-01   1.1209344435E-01  -8.5166467510E-04   2.0666859627E-04   1.5317774124E-05
   11      1.1209344435E-01   8.6817312911E-02   5.7261322260E-04   5.2005808153E-04   4.6665545213E-04
   12     -8.5166467510E-04   5.7261322260E-04   4.5515124625E-02   5.2361902539E-03  -1.9786566328E-04
   13      2.0666859627E-04   5.2005808153E-04   5.2361902539E-03   6.9592074784E-03  -2.6822955790E-05
   14      1.5317774124E-05   4.6665545213E-04  -1.9786566328E-04  -2.6822955790E-05   6.2630126947E-03
   15     -3.7907720780E-03  -5.1087845097E-04  -1.9969600804E-02  -2.8631242757E-03   1.0968668370E-04
   16      1.7589902999E-03   3.0152207601E-04  -2.8615408852E-03   1.0828047096E-03   1.4627202020E-05
   17      8.0643442465E-04   4.4251103833E-04   1.1072395747E-04   1.4774351233E-05   1.4644856979E-03
                   15                 16                 17        
     0      2.2795576126E-02   4.4240010178E-03  -1.7400715293E-04
     1      4.4212586006E-03  -9.7572959620E-03  -2.2658327081E-05
     2     -1.7196698911E-04  -2.2396888025E-05  -1.0348316064E-02
     3     -1.5440327017E-02  -8.3845252720E-03   4.9611345676E-03
     4     -1.0374484334E-03   4.9582034766E-05   8.6758556724E-05
     5     -7.4519139963E-04  -6.3685714984E-04   7.1422692364E-04
     6     -1.6048628220E-02  -3.2805653565E-03  -7.6422077794E-03
     7     -1.9776863240E-03  -9.4361097115E-05  -8.5830452049E-04
     8      1.5162272464E-03   3.7007353734E-04   1.4638653104E-03
     9     -1.6867402082E-02   4.8643127573E-03   2.9421513635E-03
    10     -3.7907720780E-03   1.7589902999E-03   8.0643442465E-04
    11     -5.1087845097E-04   3.0152207601E-04   4.4251103833E-04
    12     -1.9969600804E-02  -2.8615408852E-03   1.1072395747E-04
    13     -2.8631242757E-03   1.0828047096E-03   1.4774351233E-05
    14      1.0968668370E-04   1.4627202020E-05   1.4644856979E-03
    15      4.5514939235E-02   5.2362693722E-03  -1.9771629802E-04
    16      5.2362693722E-03   6.9590294532E-03  -2.6947382344E-05
    17     -1.9771629802E-04  -2.6947382344E-05   6.2632389062E-03

$vibrational_frequencies
18
    0        0.000000
    1        0.000000
    2        0.000000
    3        0.000000
    4        0.000000
    5        0.000000
    6     -298.992250
    7      117.701710
    8      168.766394
    9      168.790961
   10      973.249299
   11     1006.393215
   12     1006.515228
   13     1337.900748
   14     1338.183914
   15     3161.780815
   16     3248.965418
   17     3249.267083

$normal_modes
18 18
                    0                  1                  2                  3                  4        
    0      0.0000000000E+00   0.0000000000E+00   0.0000000000E+00   0.0000000000E+00   0.0000000000E+00
    1      0.0000000000E+00   0.0000000000E+00   0.0000000000E+00   0.0000000000E+00   0.0000000000E+00
    2      0.0000000000E+00   0.0000000000E+00   0.0000000000E+00   0.0000000000E+00   0.0000000000E+00
    3      0.0000000000E+00   0.0000000000E+00   0.0000000000E+00   0.0000000000E+00   0.0000000000E+00
    4      0.0000000000E+00   0.0000000000E+00   0.0000000000E+00   0.0000000000E+00   0.0000000000E+00
    5      0.0000000000E+00   0.0000000000E+00   0.0000000000E+00   0.0000000000E+00   0.0000000000E+00
    6      0.0000000000E+00   0.0000000000E+00   0.0000000000E+00   0.0000000000E+00   0.0000000000E+00
    7      0.0000000000E+00   0.0000000000E+00   0.0000000000E+00   0.0000000000E+00   0.0000000000E+00
    8      0.0000000000E+00   0.0000000000E+00   0.0000000000E+00   0.0000000000E+00   0.0000000000E+00
    9      0.0000000000E+00   0.0000000000E+00   0.0000000000E+00   0.0000000000E+00   0.0000000000E+00
   10      0.0000000000E+00   0.0000000000E+00   0.0000000000E+00   0.0000000000E+00   0.0000000000E+00
   11      0.0000000000E+00   0.0000000000E+00   0.0000000000E+00   0.0000000000E+00   0.0000000000E+00
   12      0.0000000000E+00   0.0000000000E+00   0.0000000000E+00   0.0000000000E+00   0.0000000000E+00
   13      0.0000000000E+00   0.0000000000E+00   0.0000000000E+00   0.0000000000E+00   0.0000000000E+00
   14      0.0000000000E+00   0.0000000000E+00   0.0000000000E+00   0.0000000000E+00   0.0000000000E+00
   15      0.0000000000E+00   0.0000000000E+00   0.0000000000E+00   0.0000000000E+00   0.0000000000E+00
   16      0.0000000000E+00   0.0000000000E+00   0.0000000000E+00   0.0000000000E+00   0.0000000000E+00
   17      0.0000000000E+00   0.0000000000E+00   0.0000000000E+00   0.0000000000E+00   0.0000000000E+00
                    5                  6                  7                  8                  9        
    0      0.0000000000E+00  -9.8732553725E-01  -1.8123382149E-05   6.2255745190E-02  -1.8341831630E-02
    1      0.0000000000E+00  -1.3161252408E-01   1.3463477560E-04  -4.7190920330E-01   1.1906745613E-01
    2      0.0000000000E+00   5.1095950134E-03   8.1477158365E-05  -1.2044365290E-01  -4.7599410980E-01
    3      0.0000000000E+00  -3.2841660071E-02  -6.1967202409E-04   6.3763747906E-02  -1.8071832620E-02
    4      0.0000000000E+00  -4.2028764685E-03   4.4212998570E-03  -4.8274622597E-01   1.1680341882E-01
    5      0.0000000000E+00   2.8753147771E-04  -3.2824809047E-03  -1.2782611169E-01  -4.8743357925E-01
    6      0.0000000000E+00  -3.2724277716E-02  -1.2071743008E-04   6.4374840989E-02  -1.9098258487E-02
    7      0.0000000000E+00  -4.1535795391E-03   9.0981839461E-04  -4.8705408043E-01   1.2473591647E-01
    8      0.0000000000E+00   2.5965260204E-04   5.5092366130E-03  -1.2082505859E-01  -4.8301556972E-01
    9      0.0000000000E+00  -3.3438790674E-02   6.8733506858E-04   6.3265563129E-02  -1.9035927563E-02
   10      0.0000000000E+00  -4.2891320231E-03  -4.8941047403E-03  -4.7868533394E-01   1.2394153071E-01
   11      0.0000000000E+00   2.4823470583E-04  -1.9627553276E-03  -1.2105974740E-01  -4.9060719002E-01
   12      0.0000000000E+00   4.7117437867E-02   7.0085531333E-01  -3.6997271873E-03   1.0932653155E-03
   13      0.0000000000E+00   6.2832141454E-03   9.3509384471E-02   2.8086676416E-02  -7.0861187756E-03
   14      0.0000000000E+00  -2.4213869171E-04  -3.5692586022E-03   7.1682729373E-03   2.8329042729E-02
   15      0.0000000000E+00   4.7118683443E-02  -7.0085317654E-01  -3.7131108010E-03   1.0892359181E-03
   16      0.0000000000E+00   6.2742703262E-03  -9.3525598875E-02   2.8084915123E-02  -7.0866466185E-03
   17      0.0000000000E+00  -2.4779927395E-04   3.5594498194E-03   7.1683489699E-03   2.8329034832E-02
                   10                 11                 12                 13                 14        
    0      1.1154364809E-02  -5.3712313895E-05   1.2909688994E-05   1.1997387928E-02  -4.9632112178E-03
    1      1.4913826790E-03  -5.9831225958E-06   1.6484558686E-06  -9.1153777789E-02   3.3674635861E-02
    2     -5.4839845461E-05   2.2243141182E-06   1.7464917305E-06  -3.4041161953E-02  -9.1920496072E-02
    3     -5.7255549722E-01  -4.6675891591E-01  -6.6085122373E-01  -5.0411495633E-02  -3.8147753366E-02
    4     -7.6415374152E-02  -6.2294894637E-02  -8.8191174019E-02   3.9893544620E-01   2.9737815341E-01
    5      2.8954298032E-03   2.3609041210E-03   3.3541095227E-03   5.6164379395E-01   3.0535167584E-01
    6     -5.7267493644E-01  -3.3800547303E-01   7.3498738467E-01  -9.3579175958E-02   5.1376947167E-02
    7     -7.6440992708E-02  -4.5109856603E-02   9.8076293710E-02   6.9633114149E-01  -3.8477035322E-01
    8      2.9088899503E-03   1.7160164336E-03  -3.7257566696E-03  -1.2617549943E-01   4.7933547864E-03
    9     -5.7139643013E-01   8.0644632839E-01  -7.4437173200E-02   5.5309567944E-03   4.4035914856E-02
   10     -7.6254444482E-02   1.0762889732E-01  -9.9279523535E-03  -4.3108071665E-02  -3.0131762325E-01
   11      2.9042175551E-03  -4.1038692763E-03   3.6451782253E-04  -4.2548482866E-02   7.5088017620E-01
   12      6.2900844310E-03   2.4354339843E-04   8.5344770882E-05  -1.7954860458E-05   7.4330391843E-06
   13      8.3830173864E-04  -1.8806513173E-03  -5.6222072860E-04   1.3500466481E-04  -4.9864417100E-05
   14     -3.2454273546E-05  -5.6847680787E-04   1.8964951913E-03   5.0461675997E-05   1.3610996781E-04
   15      6.2897800528E-03  -2.5181965031E-04  -8.4175644936E-05  -1.7768022818E-05   7.4597930546E-06
   16      8.4042718552E-04   1.8794371647E-03   5.6240493443E-04   1.3506815534E-04  -4.9793184859E-05
   17     -3.1529368875E-05   5.6848033880E-04  -1.8966038655E-03   5.0446330790E-05   1.3610177245E-04
                   15                 16                 17        
     0     -1.2220402133E-05  -1.2503374660E-02   3.7008093535E-03
     1      9.4579642080E-05   9.4610519398E-02  -2.4100287326E-02
     2      8.3847124190E-05   2.4371538663E-02   9.5448185327E-02
     3     -6.1902033461E-02   5.0863360077E-02  -7.0704083627E-02
     4      4.5033329684E-01  -3.6860078791E-01   5.1546307770E-01
     5     -3.5568065959E-01   3.2975166845E-01  -3.7752124462E-01
     6     -7.8218843118E-03  -4.6768973922E-04   1.2096342061E-02
     7      8.0312483711E-02  -8.3308053014E-03  -1.1882737967E-01
     8      5.7091699733E-01  -3.1146867259E-01  -7.4150087314E-01
     9      6.9867640952E-02   9.6831942882E-02   1.5032447324E-02
    10     -5.3175914524E-01  -7.3719436353E-01  -1.1283272054E-01
    11     -2.1622334760E-01  -3.0527764812E-01  -4.9564315306E-03
    12     -5.2837169273E-05   7.0682732977E-06  -2.0353114806E-06
    13     -7.1004780190E-06  -5.2498785835E-05   1.3385440921E-05
    14      2.2160460070E-07  -1.3535388110E-05  -5.3027585592E-05
    15      5.2852191223E-05   6.9001973221E-06  -2.1138181421E-06
    16      6.9923261467E-06  -5.2528669677E-05   1.3369088262E-05
    17     -3.1760046964E-07  -1.3540588229E-05  -5.3022660797E-05

#
# The atoms: label  mass x y z (in bohrs)
#
$atoms
6
 C     12.01100      0.000004577312    -0.000040280678    -0.000028750862
 H      1.00800     -0.215886724096     1.570514641428    -1.240858508655
 H      1.00800     -0.027279620126     0.280169674300     1.993361265736
 H      1.00800      0.243248478534    -1.851300155733    -0.752886973869
 I    126.90000      4.902668040171     0.654515020168    -0.024726976585
 I    126.90000     -4.902754751793    -0.653858899484     0.025139944236

$actual_temperature
  0.000000

$frequency_scale_factor
  1.000000

$dipole_derivatives
18
    0.0000000000E+00    0.0000000000E+00    0.0000000000E+00
    0.0000000000E+00    0.0000000000E+00    0.0000000000E+00
    0.0000000000E+00    0.0000000000E+00    0.0000000000E+00
    0.0000000000E+00    0.0000000000E+00    0.0000000000E+00
    0.0000000000E+00    0.0000000000E+00    0.0000000000E+00
    0.0000000000E+00    0.0000000000E+00    0.0000000000E+00
    0.0000000000E+00    0.0000000000E+00    0.0000000000E+00
    0.0000000000E+00    0.0000000000E+00    0.0000000000E+00
    0.0000000000E+00    0.0000000000E+00    0.0000000000E+00
    0.0000000000E+00    0.0000000000E+00    0.0000000000E+00
    0.0000000000E+00    0.0000000000E+00    0.0000000000E+00
    0.0000000000E+00    0.0000000000E+00    0.0000000000E+00
    0.0000000000E+00    0.0000000000E+00    0.0000000000E+00
    0.0000000000E+00    0.0000000000E+00    0.0000000000E+00
    0.0000000000E+00    0.0000000000E+00    0.0000000000E+00
    0.0000000000E+00    0.0000000000E+00    0.0000000000E+00
    0.0000000000E+00    0.0000000000E+00    0.0000000000E+00
    0.0000000000E+00    0.0000000000E+00    0.0000000000E+00

#
# The IR spectrum
#  wavenumber T**2 TX TY  TY
#
$ir_spectrum
18
      0.00       0.0000       0.0000       0.0000       0.0000
      0.00       0.0000       0.0000       0.0000       0.0000
      0.00       0.0000       0.0000       0.0000       0.0000
      0.00       0.0000       0.0000       0.0000       0.0000
      0.00       0.0000       0.0000       0.0000       0.0000
      0.00       0.0000       0.0000       0.0000       0.0000
   -298.99       0.0000       0.0000       0.0000       0.0000
    117.70       0.0000       0.0000       0.0000       0.0000
    168.77       0.0000       0.0000       0.0000       0.0000
    168.79       0.0000       0.0000       0.0000       0.0000
    973.25       0.0000       0.0000       0.0000       0.0000
   1006.39       0.0000       0.0000       0.0000       0.0000
   1006.52       0.0000       0.0000       0.0000       0.0000
   1337.90       0.0000       0.0000       0.0000       0.0000
   1338.18       0.0000       0.0000       0.0000       0.0000
   3161.78       0.0000       0.0000       0.0000       0.0000
   3248.97       0.0000       0.0000       0.0000       0.0000
   3249.27       0.0000       0.0000       0.0000       0.0000

$job_list
18
    0    1    1    1
    1    1    1    1
    2    1    1    1
    3    1    1    1
    4    1    1    1
    5    1    1    1


$end

