
$orca_hessian_file

$act_atom
  5

$act_coord
  2

$act_energy
        0.000000

$hessian
18
                    0                  1                  2                  3                  4        
    0     -1.6084065669E-02  -1.2865058768E-01   5.2666435624E-03  -1.5163716067E-02   4.2198357428E-02
    1     -1.2865058768E-01   9.3588121389E-01   4.9518019205E-04   4.2264130050E-02  -3.2369531555E-01
    2      5.2666435624E-03   4.9518019205E-04   9.5350501546E-01  -1.2564492408E-02   8.3181982134E-02
    3     -1.5163716067E-02   4.2264130050E-02  -1.2564492408E-02   1.0401848436E-01  -2.6966145438E-02
    4      4.2198357428E-02  -3.2369531555E-01   8.3181982134E-02  -2.6966145438E-02   2.9791842148E-01
    5     -1.2525336142E-02   8.3131958366E-02  -2.8773926267E-01   1.6617990632E-02  -1.1913327473E-01
    6     -1.3180096399E-02   2.8101183140E-02   1.2328116642E-03  -1.4908212007E-02  -8.0339500003E-03
    7      2.8072296838E-02  -2.2165720738E-01  -2.4064316433E-02  -7.7184052403E-03   4.4140238921E-02
    8      1.1301367906E-03  -2.4032984727E-02  -3.9194974001E-01   9.0107260525E-04  -6.3071627097E-03
    9     -1.5765538060E-02   4.6893782990E-02   6.6957919882E-03  -1.5900244206E-02   3.8515934654E-04
   10      4.6634797823E-02  -3.6403248789E-01  -5.9527246299E-02   1.0561680806E-04  -1.6997717824E-02
   11      6.5905905781E-03  -5.9532876293E-02  -2.4581260328E-01  -5.2173866157E-03   4.1942642203E-02
   12      3.0094885174E-02   5.6921167287E-03  -3.1764404895E-04  -3.1613577994E-02  -3.5679010824E-03
   13      5.9069197402E-03  -1.3244390538E-02  -4.2698280339E-05   1.4421889909E-02   1.8308626261E-03
   14     -2.0893171895E-04  -2.7116916257E-05  -1.4004079467E-02  -1.4340190677E-02  -1.7763937969E-03
   15      3.0098531019E-02   5.6993747726E-03  -3.1311075765E-04  -2.6432734092E-02  -4.0155202537E-03
   16      5.8382158517E-03  -1.3251812532E-02  -4.2901314155E-05  -2.2107086089E-02  -3.1964896534E-03
   17     -2.5310306975E-04  -3.4160622396E-05  -1.3999330021E-02   1.4603006463E-02   2.0922069014E-03
                    5                  6                  7                  8                  9        
    0     -1.2525336142E-02  -1.3180096399E-02   2.8072296838E-02   1.1301367906E-03  -1.5765538060E-02
    1      8.3131958366E-02   2.8101183140E-02  -2.2165720738E-01  -2.4032984727E-02   4.6893782990E-02
    2     -2.8773926267E-01   1.2328116642E-03  -2.4064316433E-02  -3.9194974001E-01   6.6957919882E-03
    3      1.6617990632E-02  -1.4908212007E-02  -7.7184052403E-03   9.0107260525E-04  -1.5900244206E-02
    4     -1.1913327473E-01  -8.0339500003E-03   4.4140238921E-02  -6.3071627097E-03   3.8515934654E-04
    5      2.4213032996E-01  -7.5961498742E-03   5.7194613614E-02  -8.1376881191E-03   3.2301164287E-03
    6     -7.5961498742E-03   1.0121640777E-01  -6.7097207173E-03  -3.0791063271E-03  -1.5078694807E-02
    7      5.7194613614E-02  -6.7097207173E-03   1.5195980081E-01   3.4178538514E-02  -5.9899339896E-03
    8     -8.1376881191E-03  -3.0791063271E-03   3.4178538514E-02   3.9109374729E-01   6.5585196242E-04
    9      3.2301164287E-03  -1.5078694807E-02  -5.9899339896E-03   6.5585196242E-04   1.0472924241E-01
   10     -2.1530280367E-02  -5.6230037024E-03   2.6586421574E-02  -3.8086194933E-03  -3.3626966942E-02
   11      5.3981967709E-02   9.1339001829E-03  -6.7282958224E-02   9.5755076938E-03  -1.0908962950E-02
   12     -2.9336480160E-04  -2.9350137257E-02  -3.7700053933E-03   9.0843944671E-04  -2.6074631208E-02
   13      1.5936076903E-05  -6.2674998892E-04  -6.8769937140E-05   6.3707485599E-05  -2.5388453651E-02
   14     -4.1400572983E-05   2.3369271478E-02   3.0843531538E-03  -4.1114010600E-04  -8.6137915453E-03
   15      5.6674375732E-04  -2.8699267298E-02  -3.8842314970E-03  -5.1639447787E-04  -3.1910134131E-02
   16      3.2104704169E-04  -7.1077587310E-03  -9.6048398972E-04  -9.3479069730E-05   1.7726412246E-02
   17     -1.9394631125E-04  -2.3060727124E-02  -3.1102306244E-03  -1.7068674530E-04   8.9409941155E-03
                   10                 11                 12                 13                 14        
    0      4.6634797823E-02   6.5905905781E-03   3.0094885174E-02   5.9069197402E-03  -2.0893171895E-04
    1     -3.6403248789E-01  -5.9532876293E-02   5.6921167287E-03  -1.3244390538E-02  -2.7116916257E-05
    2     -5.9527246299E-02  -2.4581260328E-01  -3.1764404895E-04  -4.2698280339E-05  -1.4004079467E-02
    3      1.0561680806E-04  -5.2173866157E-03  -3.1613577994E-02   1.4421889909E-02  -1.4340190677E-02
    4     -1.6997717824E-02   4.1942642203E-02  -3.5679010824E-03   1.8308626261E-03  -1.7763937969E-03
    5     -2.1530280367E-02   5.3981967709E-02  -2.9336480160E-04   1.5936076903E-05  -4.1400572983E-05
    6     -5.6230037024E-03   9.1339001829E-03  -2.9350137257E-02  -6.2674998892E-04   2.3369271478E-02
    7      2.6586421574E-02  -6.7282958224E-02  -3.7700053933E-03  -6.8769937140E-05   3.0843531538E-03
    8     -3.8086194933E-03   9.5755076938E-03   9.0843944671E-04   6.3707485599E-05  -4.1114010600E-04
    9     -3.3626966942E-02  -1.0908962950E-02  -2.6074631208E-02  -2.5388453651E-02  -8.6137915453E-03
   10      3.5594787744E-01   8.5029224076E-02  -4.0261020200E-03  -3.7188257334E-03  -1.2496577570E-03
   11      8.5029224076E-02   1.8234089333E-01  -8.1501218261E-05  -4.4091090181E-06   2.9963217003E-06
   12     -4.0261020200E-03  -8.1501218261E-05   4.2652190953E-02   3.7737304568E-03  -1.3707946652E-04
   13     -3.7188257334E-03  -4.4091090181E-06   3.7737304568E-03   1.4947083721E-02  -2.1983644020E-05
   14     -1.2496577570E-03   2.9963217003E-06  -1.3707946652E-04  -2.1983644020E-05   1.4453241363E-02
   15     -3.4643419675E-03   4.8336002227E-04   1.4291270332E-02   1.9126635339E-03  -6.9278070344E-05
   16      2.2147324442E-03  -1.5162265219E-04   1.8981613100E-03   2.5403986197E-04  -9.2010395973E-06
   17      1.0865798404E-03  -8.8761777361E-05  -7.8849911340E-05  -1.0552529120E-05   3.8246033518E-07
                   15                 16                 17        
     0      3.0098531019E-02   5.8382158517E-03  -2.5310306975E-04
     1      5.6993747726E-03  -1.3251812532E-02  -3.4160622396E-05
     2     -3.1311075765E-04  -4.2901314155E-05  -1.3999330021E-02
     3     -2.6432734092E-02  -2.2107086089E-02   1.4603006463E-02
     4     -4.0155202537E-03  -3.1964896534E-03   2.0922069014E-03
     5      5.6674375732E-04   3.2104704169E-04  -1.9394631125E-04
     6     -2.8699267298E-02  -7.1077587310E-03  -2.3060727124E-02
     7     -3.8842314970E-03  -9.6048398972E-04  -3.1102306244E-03
     8     -5.1639447787E-04  -9.3479069730E-05  -1.7068674530E-04
     9     -3.1910134131E-02   1.7726412246E-02   8.9409941155E-03
    10     -3.4643419675E-03   2.2147324442E-03   1.0865798404E-03
    11      4.8336002227E-04  -1.5162265219E-04  -8.8761777361E-05
    12      1.4291270332E-02   1.8981613100E-03  -7.8849911340E-05
    13      1.9126635339E-03   2.5403986197E-04  -1.0552529120E-05
    14     -6.9278070344E-05  -9.2010395973E-06   3.8246033518E-07
    15      4.2652334171E-02   3.7520554115E-03  -1.5132047367E-04
    16      3.7520554115E-03   1.4940013869E-02  -2.3842966016E-05
    17     -1.5132047367E-04  -2.3842966016E-05   1.4452342395E-02

$vibrational_frequencies
18
    0        0.000000
    1        0.000000
    2        0.000000
    3        0.000000
    4        0.000000
    5        0.000000
    6     -292.242599
    7       77.171734
    8      231.740381
    9      231.845103
   10     1349.535298
   11     1745.815882
   12     1746.745629
   13     2523.711548
   14     2525.027015
   15     3220.062748
   16     3442.348039
   17     3444.983858

$normal_modes
18 18
                    0                  1                  2                  3                  4        
    0      0.0000000000E+00   0.0000000000E+00   0.0000000000E+00   0.0000000000E+00   0.0000000000E+00
    1      0.0000000000E+00   0.0000000000E+00   0.0000000000E+00   0.0000000000E+00   0.0000000000E+00
    2      0.0000000000E+00   0.0000000000E+00   0.0000000000E+00   0.0000000000E+00   0.0000000000E+00
    3      0.0000000000E+00   0.0000000000E+00   0.0000000000E+00   0.0000000000E+00   0.0000000000E+00
    4      0.0000000000E+00   0.0000000000E+00   0.0000000000E+00   0.0000000000E+00   0.0000000000E+00
    5      0.0000000000E+00   0.0000000000E+00   0.0000000000E+00   0.0000000000E+00   0.0000000000E+00
    6      0.0000000000E+00   0.0000000000E+00   0.0000000000E+00   0.0000000000E+00   0.0000000000E+00
    7      0.0000000000E+00   0.0000000000E+00   0.0000000000E+00   0.0000000000E+00   0.0000000000E+00
    8      0.0000000000E+00   0.0000000000E+00   0.0000000000E+00   0.0000000000E+00   0.0000000000E+00
    9      0.0000000000E+00   0.0000000000E+00   0.0000000000E+00   0.0000000000E+00   0.0000000000E+00
   10      0.0000000000E+00   0.0000000000E+00   0.0000000000E+00   0.0000000000E+00   0.0000000000E+00
   11      0.0000000000E+00   0.0000000000E+00   0.0000000000E+00   0.0000000000E+00   0.0000000000E+00
   12      0.0000000000E+00   0.0000000000E+00   0.0000000000E+00   0.0000000000E+00   0.0000000000E+00
   13      0.0000000000E+00   0.0000000000E+00   0.0000000000E+00   0.0000000000E+00   0.0000000000E+00
   14      0.0000000000E+00   0.0000000000E+00   0.0000000000E+00   0.0000000000E+00   0.0000000000E+00
   15      0.0000000000E+00   0.0000000000E+00   0.0000000000E+00   0.0000000000E+00   0.0000000000E+00
   16      0.0000000000E+00   0.0000000000E+00   0.0000000000E+00   0.0000000000E+00   0.0000000000E+00
   17      0.0000000000E+00   0.0000000000E+00   0.0000000000E+00   0.0000000000E+00   0.0000000000E+00
                    5                  6                  7                  8                  9        
    0      0.0000000000E+00   9.7651277803E-01   1.8643374321E-05  -6.1770158457E-02  -2.2265325154E-02
    1      0.0000000000E+00   1.2994115273E-01   1.9539677385E-04   4.6986865585E-01   1.4855043599E-01
    2      0.0000000000E+00  -5.1545051257E-03   1.2230897054E-04   1.5018477592E-01  -4.7391588186E-01
    3      0.0000000000E+00   9.0169010165E-02   2.8703426956E-04  -6.2172515534E-02  -2.1998028744E-02
    4      0.0000000000E+00   1.2189121659E-02  -1.8217659744E-03   4.7255276625E-01   1.4643375173E-01
    5      0.0000000000E+00  -4.3448955003E-04   1.7218087776E-03   1.5200329944E-01  -4.7905209115E-01
    6      0.0000000000E+00   8.9948618105E-02   4.2606476333E-05  -6.2484284029E-02  -2.2867483925E-02
    7      0.0000000000E+00   1.2148098569E-02  -1.6207697169E-04   4.7481491509E-01   1.5298744372E-01
    8      0.0000000000E+00  -3.4881294097E-04  -2.4409821916E-03   1.5026586619E-01  -4.7618673783E-01
    9      0.0000000000E+00   9.1002982453E-02  -2.9558769099E-04  -6.2030749800E-02  -2.2341844646E-02
   10      0.0000000000E+00   1.2655128715E-02   2.5760935030E-03   4.7137089168E-01   1.4910751303E-01
   11      0.0000000000E+00  -2.7237934780E-04   1.0916507024E-03   1.5121195764E-01  -4.7567822309E-01
   12      0.0000000000E+00  -4.7290534658E-02   7.0087806906E-01   3.6551096881E-03   1.3232274581E-03
   13      0.0000000000E+00  -6.3157762851E-03   9.3506459420E-02  -2.7872642630E-02  -8.8112305205E-03
   14      0.0000000000E+00   2.3582293401E-04  -3.5734843399E-03  -8.9085439829E-03   2.8111250582E-02
   15      0.0000000000E+00  -4.7289327852E-02  -7.0088010414E-01   3.6743026286E-03   1.3180163292E-03
   16      0.0000000000E+00  -6.2769067185E-03  -9.3529657995E-02  -2.7869523699E-02  -8.8117499742E-03
   17      0.0000000000E+00   2.6043308142E-04   3.5589491929E-03  -8.9084640219E-03   2.8110719832E-02
                   10                 11                 12                 13                 14        
    0      1.9377022814E-02   7.5046819376E-05   2.1287784568E-05   3.3743218505E-03   9.3877661234E-03
    1      2.5668021622E-03   2.1707072187E-06   3.6983673036E-06  -2.2509448560E-02  -7.1469951880E-02
    2     -1.0312212457E-04  -2.7212935377E-06  -2.4519710851E-06   7.2131307938E-02  -2.2742021953E-02
    3     -5.7224647318E-01   4.5793859417E-01  -6.6720421888E-01   5.2032232461E-02  -3.8717776240E-02
    4     -7.6274710979E-02   6.1150866963E-02  -8.9056525180E-02  -3.9934589805E-01   3.1211567157E-01
    5      2.9396465481E-03  -2.2900877752E-03   3.3968381756E-03  -2.5265351741E-01   5.8127839066E-01
    6     -5.7244160185E-01   3.4837176391E-01   7.3026808573E-01  -4.7314930854E-02  -9.2737188654E-02
    7     -7.6297450739E-02   4.6553958462E-02   9.7456779939E-02   3.5922902885E-01   6.8793052363E-01
    8      2.9764038726E-03  -1.7648321104E-03  -3.6735157521E-03   1.2702708881E-01  -1.8308889561E-01
    9     -5.7179735998E-01  -8.0708338246E-01  -6.3355150333E-02  -4.4448472450E-02   2.0448691448E-02
   10     -7.5984287751E-02  -1.0773210284E-01  -8.4455090354E-03   3.0554543822E-01  -1.5743447883E-01
   11      3.0312529437E-03   4.0813552668E-03   2.9435779388E-04  -7.2491858184E-01  -1.3004994442E-01
   12      5.9002550289E-03  -2.4730555562E-04   8.8250523992E-05  -1.8896957210E-06  -3.3932803605E-06
   13      7.8857869644E-04   1.8728171460E-03  -5.8817085076E-04   1.1076671550E-05   3.5659299219E-05
   14     -2.9341001807E-05   5.9473075707E-04   1.8888512838E-03  -3.5573639897E-05   1.1281599194E-05
   15      5.9002169764E-03   2.4634276002E-04  -8.7951657419E-05  -1.8924913367E-06  -3.4005358278E-06
   16      7.8395905213E-04  -1.8728059303E-03   5.8818026937E-04   1.1058782278E-05   3.5837800356E-05
   17     -3.1969336673E-05  -5.9468317163E-04  -1.8887596450E-03  -3.5504131000E-05   1.1332732198E-05
                   15                 16                 17        
     0     -8.3691485945E-05  -1.4319807642E-02   5.1516871671E-03
     1      7.7650373492E-04   1.0936233113E-01  -3.4304585337E-02
     2      4.6318071527E-04   3.4694201832E-02   1.1025447674E-01
     3     -6.1672260018E-02   5.6233684615E-02  -6.6052090099E-02
     4      4.4802911948E-01  -4.1486601833E-01   4.7718621644E-01
     5     -3.5544557549E-01   2.1098302569E-01  -4.5697026524E-01
     6     -7.7307403659E-03   1.7810220959E-02   3.5383083803E-03
     7      7.8888271759E-02  -1.4763796350E-01  -5.4108352782E-02
     8      5.6817997989E-01  -3.3312320368E-01  -7.2577889691E-01
     9      7.0393465934E-02   9.6440477238E-02   1.4623062902E-03
    10     -5.3612825185E-01  -7.3525134238E-01  -1.5960073811E-02
    11     -2.1822855393E-01  -2.8958714446E-01  -1.2568657398E-01
    12      2.4988915544E-05   3.7578319205E-07  -1.3764248004E-06
    13      3.1658004129E-06  -2.1353315607E-05   6.5266098267E-06
    14     -2.2570472900E-07  -6.6610183304E-06  -2.1139240412E-05
    15     -2.4935100233E-05   7.8222870016E-07  -1.2794249359E-06
    16     -3.4970759024E-06  -2.1306986595E-05   6.5359773368E-06
    17      2.7431735880E-08  -6.6637820945E-06  -2.1124732469E-05

#
# The atoms: label  mass x y z (in bohrs)
#
$atoms
6
 C     12.01100      0.000078822697    -0.000296328385    -0.000209763241
 H      1.00800     -0.215730086636     1.569155212033    -1.240496219161
 H      1.00800     -0.027248772777     0.279497199497     1.991815812300
 H      1.00800      0.243332443544    -1.851378105414    -0.753041662223
 I    126.90000      4.899000004120     0.655211857929    -0.023962244963
 I    126.90000     -4.899432410948    -0.652189835660     0.025894077287

$actual_temperature
  0.000000

$frequency_scale_factor
  1.000000


$end

