
$orca_hessian_file

$act_atom
  5

$act_coord
  2

$act_energy
      -11.554854

$hessian
18
                    0                  1                  2                  3                  4        
    0      1.9114261406E-01  -4.3395232005E-02   1.8123202882E-03  -3.5406270915E-02  -3.6068820386E-02
    1     -4.3395232005E-02   5.1206426671E-01   7.3468953500E-05  -4.2767934022E-02  -2.0924433176E-01
    2      1.8123202882E-03   7.3468953500E-05   5.1832287351E-01   3.3845914384E-02   1.2664515912E-01
    3     -3.5406270915E-02  -4.2767934022E-02   3.3845914384E-02   5.1642290179E-02   4.0781505150E-02
    4     -3.6068820386E-02  -2.0924433176E-01   1.2664515912E-01   4.0781505150E-02   2.3006704593E-01
    5      2.8642129181E-02   1.2600090212E-01  -1.3685647850E-01  -3.0944078928E-02  -1.4056862323E-01
    6     -4.7113120527E-02  -1.1738214719E-02  -7.7486723521E-02   2.6674944878E-03   1.3318775092E-03
    7     -1.0548775204E-02  -4.9529099952E-02  -4.4907883997E-02   6.1520913171E-03   3.3427496632E-03
    8     -6.9134780946E-02  -4.3800328939E-02  -2.8489684706E-01  -4.3077528854E-03  -1.5880310730E-03
    9     -7.1268858289E-02   1.0022460156E-01   4.1718556187E-02   3.2564222375E-03  -2.9481875444E-03
   10      9.2339612250E-02  -2.3328865792E-01  -8.1828403179E-02   9.3341763699E-03  -2.4382064882E-02
   11      3.8572792893E-02  -8.2291372326E-02  -7.6863261780E-02  -6.8954451897E-03   1.5890940502E-02
   12      8.0091908800E-03   1.4020296329E-03  -5.1775078336E-05  -4.7388513671E-03  -1.5082431748E-03
   13      1.4106973188E-03  -2.2897780359E-03  -6.1133245063E-06   1.3168405197E-04   1.5016985876E-04
   14     -4.6426239006E-05  -5.3555502074E-06  -2.4806770233E-03  -5.4836707584E-04  -4.4094122862E-04
   15     -4.5363591842E-02  -3.7252382410E-03   1.6170916281E-04  -1.7421124319E-02  -1.5881266818E-03
   16     -3.7374635189E-03  -1.7712683540E-02   2.3785938354E-05  -1.3631517727E-02   6.6545285415E-05
   17      1.5395110869E-04   2.2684173613E-05  -1.7225904186E-02   8.8497205105E-03   6.1527568981E-05
                    5                  6                  7                  8                  9        
    0      2.8642129181E-02  -4.7113120527E-02  -1.0548775204E-02  -6.9134780946E-02  -7.1268858289E-02
    1      1.2600090212E-01  -1.1738214719E-02  -4.9529099952E-02  -4.3800328939E-02   1.0022460156E-01
    2     -1.3685647850E-01  -7.7486723521E-02  -4.4907883997E-02  -2.8489684706E-01   4.1718556187E-02
    3     -3.0944078928E-02   2.6674944878E-03   6.1520913171E-03  -4.3077528854E-03   3.2564222375E-03
    4     -1.4056862323E-01   1.3318775092E-03   3.3427496632E-03  -1.5880310730E-03  -2.9481875444E-03
    5      1.5018826505E-01   4.0218600576E-03   2.4013672678E-02  -2.0829236314E-02  -1.9472152404E-03
    6      4.0218600576E-03   6.3500574585E-02   1.3317505018E-02   7.5335583981E-02   4.3475303008E-03
    7      2.4013672678E-02   1.3317505018E-02   5.2708200530E-02   4.8719264708E-02  -5.8113489924E-03
    8     -2.0829236314E-02   7.5335583981E-02   4.8719264708E-02   3.1572128116E-01  -2.1316525107E-03
    9     -1.9472152404E-03   4.3475303008E-03  -5.8113489924E-03  -2.1316525107E-03   8.8689315558E-02
   10     -8.0525545708E-03   2.0477201499E-03  -6.0464461283E-03  -3.7929262391E-03  -9.9895997574E-02
   11      6.2699794448E-03   1.0851641296E-02  -2.6556756248E-02  -1.3149347765E-02  -4.2472608925E-02
   12      7.2955517590E-04  -4.7587687501E-03  -7.5413682079E-04  -1.0381578076E-03  -4.7225630206E-03
   13     -2.7865673549E-04  -4.6546550681E-04  -2.9200059524E-04  -3.3985779655E-05  -1.6268657546E-03
   14      6.4019703235E-05   1.0093877643E-03   2.4078112289E-04   5.1943035177E-04  -3.8707778813E-04
   15     -5.0226417297E-04  -1.8643725990E-02  -2.3553426298E-03   1.2767817647E-03  -2.0301825186E-02
   16     -1.1146838507E-03  -4.4934278102E-03  -1.8332534189E-04   4.9599600284E-04   1.0057793066E-02
   17      1.1635704447E-03  -1.3731743518E-02  -1.5091033890E-03   2.6347906615E-03   5.2199956406E-03
                   10                 11                 12                 13                 14        
    0      9.2339612250E-02   3.8572792893E-02   8.0091908800E-03   1.4106973188E-03  -4.6426239006E-05
    1     -2.3328865792E-01  -8.2291372326E-02   1.4020296329E-03  -2.2897780359E-03  -5.3555502074E-06
    2     -8.1828403179E-02  -7.6863261780E-02  -5.1775078336E-05  -6.1133245063E-06  -2.4806770233E-03
    3      9.3341763699E-03  -6.8954451897E-03  -4.7388513671E-03   1.3168405197E-04  -5.4836707584E-04
    4     -2.4382064882E-02   1.5890940502E-02  -1.5082431748E-03   1.5016985876E-04  -4.4094122862E-04
    5     -8.0525545708E-03   6.2699794448E-03   7.2955517590E-04  -2.7865673549E-04   6.4019703235E-05
    6      2.0477201499E-03   1.0851641296E-02  -4.7587687501E-03  -4.6546550681E-04   1.0093877643E-03
    7     -6.0464461283E-03  -2.6556756248E-02  -7.5413682079E-04  -2.9200059524E-04   2.4078112289E-04
    8     -3.7929262391E-03  -1.3149347765E-02  -1.0381578076E-03  -3.3985779655E-05   5.1943035177E-04
    9     -9.9895997574E-02  -4.2472608925E-02  -4.7225630206E-03  -1.6268657546E-03  -3.8707778813E-04
   10      2.5989323682E-01   9.1972692823E-02   3.0477574781E-04   3.4496460421E-04   2.0982807972E-04
   11      9.1972692823E-02   8.3224859354E-02   3.8441414641E-04   3.2257534639E-04  -1.1875734495E-04
   12      3.0477574781E-04   3.8441414641E-04   1.8024156987E-02   2.2526885986E-03  -9.0426387584E-05
   13      3.4496460421E-04   3.2257534639E-04   2.2526885986E-03   1.3889754559E-03  -1.2436861847E-05
   14      2.0982807972E-04  -1.1875734495E-04  -9.0426387584E-05  -1.2436861847E-05   1.0910156196E-03
   15     -4.1303129924E-03  -4.4080213169E-04  -1.1812897461E-02  -1.7026871866E-03   6.2907711536E-05
   16      3.4790593619E-03   6.6186566149E-04  -1.6971182181E-03   6.9766353180E-04   8.1243255100E-06
   17      1.4913556040E-03   6.3662761584E-04   6.6388901259E-05   8.6172118653E-06   9.2496620922E-04
                   15                 16                 17        
     0     -4.5363591842E-02  -3.7374635189E-03   1.5395110869E-04
     1     -3.7252382410E-03  -1.7712683540E-02   2.2684173613E-05
     2      1.6170916281E-04   2.3785938354E-05  -1.7225904186E-02
     3     -1.7421124319E-02  -1.3631517727E-02   8.8497205105E-03
     4     -1.5881266818E-03   6.6545285415E-05   6.1527568981E-05
     5     -5.0226417297E-04  -1.1146838507E-03   1.1635704447E-03
     6     -1.8643725990E-02  -4.4934278102E-03  -1.3731743518E-02
     7     -2.3553426298E-03  -1.8332534189E-04  -1.5091033890E-03
     8      1.2767817647E-03   4.9599600284E-04   2.6347906615E-03
     9     -2.0301825186E-02   1.0057793066E-02   5.2199956406E-03
    10     -4.1303129924E-03   3.4790593619E-03   1.4913556040E-03
    11     -4.4080213169E-04   6.6186566149E-04   6.3662761584E-04
    12     -1.1812897461E-02  -1.6971182181E-03   6.6388901259E-05
    13     -1.7026871866E-03   6.9766353180E-04   8.6172118653E-06
    14      6.2907711536E-05   8.1243255100E-06   9.2496620922E-04
    15      1.1354296816E-01   1.3501698975E-02  -5.5831181033E-04
    16      1.3501698975E-02   1.3652746263E-02  -7.5085414600E-05
    17     -5.5831181033E-04  -7.5085414600E-05   1.1865956411E-02

$vibrational_frequencies
18
    0        0.000000
    1        0.000000
    2        0.000000
    3        0.000000
    4        0.000000
    5        0.000000
    6       82.472120
    7      104.243859
    8      104.374424
    9      421.340513
   10      913.800406
   11      913.991812
   12     1243.339861
   13     1433.190349
   14     1433.817309
   15     3098.148202
   16     3126.381210
   17     3127.162948

$normal_modes
18 18
                    0                  1                  2                  3                  4        
    0      0.0000000000E+00   0.0000000000E+00   0.0000000000E+00   0.0000000000E+00   0.0000000000E+00
    1      0.0000000000E+00   0.0000000000E+00   0.0000000000E+00   0.0000000000E+00   0.0000000000E+00
    2      0.0000000000E+00   0.0000000000E+00   0.0000000000E+00   0.0000000000E+00   0.0000000000E+00
    3      0.0000000000E+00   0.0000000000E+00   0.0000000000E+00   0.0000000000E+00   0.0000000000E+00
    4      0.0000000000E+00   0.0000000000E+00   0.0000000000E+00   0.0000000000E+00   0.0000000000E+00
    5      0.0000000000E+00   0.0000000000E+00   0.0000000000E+00   0.0000000000E+00   0.0000000000E+00
    6      0.0000000000E+00   0.0000000000E+00   0.0000000000E+00   0.0000000000E+00   0.0000000000E+00
    7      0.0000000000E+00   0.0000000000E+00   0.0000000000E+00   0.0000000000E+00   0.0000000000E+00
    8      0.0000000000E+00   0.0000000000E+00   0.0000000000E+00   0.0000000000E+00   0.0000000000E+00
    9      0.0000000000E+00   0.0000000000E+00   0.0000000000E+00   0.0000000000E+00   0.0000000000E+00
   10      0.0000000000E+00   0.0000000000E+00   0.0000000000E+00   0.0000000000E+00   0.0000000000E+00
   11      0.0000000000E+00   0.0000000000E+00   0.0000000000E+00   0.0000000000E+00   0.0000000000E+00
   12      0.0000000000E+00   0.0000000000E+00   0.0000000000E+00   0.0000000000E+00   0.0000000000E+00
   13      0.0000000000E+00   0.0000000000E+00   0.0000000000E+00   0.0000000000E+00   0.0000000000E+00
   14      0.0000000000E+00   0.0000000000E+00   0.0000000000E+00   0.0000000000E+00   0.0000000000E+00
   15      0.0000000000E+00   0.0000000000E+00   0.0000000000E+00   0.0000000000E+00   0.0000000000E+00
   16      0.0000000000E+00   0.0000000000E+00   0.0000000000E+00   0.0000000000E+00   0.0000000000E+00
   17      0.0000000000E+00   0.0000000000E+00   0.0000000000E+00   0.0000000000E+00   0.0000000000E+00
                    5                  6                  7                  8                  9        
    0      0.0000000000E+00  -4.3541571146E-01  -5.4636661735E-02   1.8960164485E-02  -6.7311643052E-01
    1      0.0000000000E+00  -6.2535760608E-02   4.1568403452E-01  -1.2573102610E-01  -8.9124822928E-02
    2      0.0000000000E+00  -5.7255591446E-04   1.2711664152E-01   4.1930063816E-01   3.8589740731E-03
    3      0.0000000000E+00  -3.5730489071E-01  -1.7359825767E-01   1.7984662323E-01  -4.0770364288E-01
    4      0.0000000000E+00  -6.3670030818E-02   4.5894694590E-01  -1.2174761390E-01  -9.9918511275E-02
    5      0.0000000000E+00   6.9553438113E-03   1.4399188464E-01   4.7962327764E-01   3.8095144316E-02
    6      0.0000000000E+00  -3.5769749108E-01  -1.4388762458E-01  -1.5357875769E-01  -4.1296274757E-01
    7      0.0000000000E+00  -5.4833160370E-02   4.6327873151E-01  -1.6884491876E-01  -6.2785836140E-02
    8      0.0000000000E+00  -1.4930379804E-02   1.4594614206E-01   4.8051201992E-01  -5.4958563991E-02
    9      0.0000000000E+00  -3.6409374897E-01   1.3034600441E-01   3.8567866427E-02  -4.2150823448E-01
   10      0.0000000000E+00  -4.1110200251E-02   5.0042859962E-01  -1.3967221349E-01  -1.7022169119E-03
   11      0.0000000000E+00   3.6448228126E-03   1.4511780848E-01   4.7474121647E-01   2.4012342832E-02
   12      0.0000000000E+00   4.7260575922E-01   3.2129091674E-03  -9.0210160060E-04  -2.7042922430E-04
   13      0.0000000000E+00   6.3245281088E-02  -2.1807782473E-02   6.6222777793E-03  -4.8058287087E-05
   14      0.0000000000E+00  -2.2882518114E-03  -6.6844897645E-03  -2.2043101930E-02  -6.1578370551E-06
   15      0.0000000000E+00  -4.2282241004E-01   3.4449154265E-03  -1.4074725007E-03   7.3847367514E-02
   16      0.0000000000E+00  -5.6058462182E-02  -2.8836949205E-02   8.6957854086E-03   9.7895875623E-03
   17      0.0000000000E+00   2.3768398648E-03  -8.8027778724E-03  -2.9041023295E-02  -4.1587724674E-04
                   10                 11                 12                 13                 14        
    0     -1.1818364426E-02   4.3055462599E-03   8.5486538938E-02   9.3230894421E-03  -3.3586638346E-03
    1      9.0540784712E-02  -2.8568900697E-02   1.1428644285E-02  -7.0519584744E-02   2.2508503795E-02
    2      2.8907837200E-02   9.1234297262E-02  -4.1924710103E-04  -2.2753991698E-02  -7.1135888060E-02
    3      4.5090572730E-01  -6.2533871808E-01  -5.6370447889E-01   1.2077249241E-01  -2.8066173671E-01
    4     -1.3184272586E-01  -6.9737778686E-02   5.6158769570E-02   3.4946305258E-01   3.0359338147E-01
    5     -1.0748652080E-01  -1.8055747076E-01  -9.9502495213E-02   5.2943442029E-01   2.7354731286E-01
    6      3.5593521897E-01   6.6861299469E-01  -5.4805065267E-01   3.6717149216E-02   3.0284489783E-01
    7     -1.8018392593E-01   1.7425986903E-01  -4.9989167269E-02   6.7348314748E-01  -3.0135412056E-01
    8     -3.5566811554E-02  -1.5235669178E-01   1.6689194348E-01  -1.4621635101E-01  -6.1630766741E-02
    9     -7.3300899834E-01  -6.9363541533E-02  -5.2639730299E-01  -2.7605669869E-01   2.0477524078E-02
   10     -2.4420089984E-01   7.1060081190E-02  -2.2459907204E-01  -1.2670586598E-01  -2.8824828684E-01
   11     -3.4590784480E-02  -2.2764930101E-01  -5.8970987078E-02  -9.4033244199E-02   6.9196773495E-01
   12     -3.2789602114E-05   8.2601979195E-06   1.0849694361E-03  -3.8839263575E-06   1.1824687921E-06
   13      2.0504775542E-04  -6.5774744725E-05   1.4579096931E-04   2.6722292297E-05  -8.5811847953E-06
   14      6.5770626603E-05   2.0944438750E-04  -4.8405204697E-06   8.6448712481E-06   2.7060155378E-05
   15      5.6492334219E-04  -2.0854339004E-04   3.8360615713E-03   6.3269003102E-05  -2.2152203658E-05
   16     -4.3564109795E-03   1.3751067964E-03   5.0753810078E-04  -4.7116298884E-04   1.5001112220E-04
   17     -1.3908042187E-03  -4.3920068237E-03  -2.2348068559E-05  -1.5206574908E-04  -4.7388603264E-04
                   15                 16                 17        
     0      3.4497545718E-02  -1.1310180227E-02   3.9485526719E-03
     1      3.8612843141E-03   8.8700308599E-02  -2.5193690079E-02
     2     -6.8283874565E-04   2.5474826219E-02   8.9460691696E-02
     3     -8.4596299838E-02  -9.0489351265E-02   1.1761816711E-01
     4     -4.5318032317E-01  -3.5927221865E-01   5.2840494869E-01
     5      3.4330246437E-01   3.1198556993E-01  -3.6879791753E-01
     6     -1.3604804951E-01  -9.5909840775E-02  -2.0039409327E-01
     7     -9.6321904783E-02  -2.0888261543E-02  -1.4335462425E-01
     8     -5.4711806391E-01  -3.2235259169E-01  -7.0209210526E-01
     9     -2.1463506055E-01   3.2059254274E-01   3.5739928872E-02
    10      5.0024452085E-01  -6.7444126467E-01  -8.5536467257E-02
    11      2.1206380295E-01  -2.9250421125E-01   7.2971841846E-03
    12      9.0084304567E-05   4.3820164139E-06  -7.1017225007E-07
    13      1.2275272076E-05  -2.4710179167E-05   7.1406835349E-06
    14     -2.8062762167E-07  -7.1464069205E-06  -2.5160431163E-05
    15      1.0228467538E-04   1.8596787192E-07   6.0157590624E-07
    16      1.3523647292E-05   6.2637823646E-06  -1.6919562473E-06
    17     -6.0678648938E-07   1.7568494673E-06   6.1629004380E-06

#
# The atoms: label  mass x y z (in bohrs)
#
$atoms
6
 C     12.01100     -4.834108077964     1.784887402669     0.006493524954
 H      1.00800     -4.452072643678     3.382054496221    -1.197397991781
 H      1.00800     -4.269174724603     2.133954021369     1.931360715826
 H      1.00800     -4.009956737485     0.072464490140    -0.725077038719
 I    126.90000      1.089784335733     2.576407661231    -0.022966728554
 I    126.90000     -8.951186558742     1.237985839804     0.028969763811

$actual_temperature
  0.000000

$frequency_scale_factor
  1.000000

$dipole_derivatives
18
    0.0000000000E+00    0.0000000000E+00    0.0000000000E+00
    0.0000000000E+00    0.0000000000E+00    0.0000000000E+00
    0.0000000000E+00    0.0000000000E+00    0.0000000000E+00
    0.0000000000E+00    0.0000000000E+00    0.0000000000E+00
    0.0000000000E+00    0.0000000000E+00    0.0000000000E+00
    0.0000000000E+00    0.0000000000E+00    0.0000000000E+00
    0.0000000000E+00    0.0000000000E+00    0.0000000000E+00
    0.0000000000E+00    0.0000000000E+00    0.0000000000E+00
    0.0000000000E+00    0.0000000000E+00    0.0000000000E+00
    0.0000000000E+00    0.0000000000E+00    0.0000000000E+00
    0.0000000000E+00    0.0000000000E+00    0.0000000000E+00
    0.0000000000E+00    0.0000000000E+00    0.0000000000E+00
    0.0000000000E+00    0.0000000000E+00    0.0000000000E+00
    0.0000000000E+00    0.0000000000E+00    0.0000000000E+00
    0.0000000000E+00    0.0000000000E+00    0.0000000000E+00
    0.0000000000E+00    0.0000000000E+00    0.0000000000E+00
    0.0000000000E+00    0.0000000000E+00    0.0000000000E+00
    0.0000000000E+00    0.0000000000E+00    0.0000000000E+00

#
# The IR spectrum
#  wavenumber T**2 TX TY  TY
#
$ir_spectrum
18
      0.00       0.0000       0.0000       0.0000       0.0000
      0.00       0.0000       0.0000       0.0000       0.0000
      0.00       0.0000       0.0000       0.0000       0.0000
      0.00       0.0000       0.0000       0.0000       0.0000
      0.00       0.0000       0.0000       0.0000       0.0000
      0.00       0.0000       0.0000       0.0000       0.0000
     82.47       0.0000       0.0000       0.0000       0.0000
    104.24       0.0000       0.0000       0.0000       0.0000
    104.37       0.0000       0.0000       0.0000       0.0000
    421.34       0.0000       0.0000       0.0000       0.0000
    913.80       0.0000       0.0000       0.0000       0.0000
    913.99       0.0000       0.0000       0.0000       0.0000
   1243.34       0.0000       0.0000       0.0000       0.0000
   1433.19       0.0000       0.0000       0.0000       0.0000
   1433.82       0.0000       0.0000       0.0000       0.0000
   3098.15       0.0000       0.0000       0.0000       0.0000
   3126.38       0.0000       0.0000       0.0000       0.0000
   3127.16       0.0000       0.0000       0.0000       0.0000

$job_list
18
    0    1    1    1
    1    1    1    1
    2    1    1    1
    3    1    1    1
    4    1    1    1
    5    1    1    1


$end

