
$orca_hessian_file

$act_atom
  5

$act_coord
  2

$act_energy
      -11.554854

$hessian
18
                    0                  1                  2                  3                  4        
    0      1.9127780435E-01  -4.3401073087E-02   1.7937938180E-03  -3.5439281454E-02  -3.6082214056E-02
    1     -4.3401073087E-02   5.1212620926E-01   1.2844297496E-04  -4.2776731994E-02  -2.0928615446E-01
    2      1.7937938180E-03   1.2844297496E-04   5.1821400365E-01   3.3841598356E-02   1.2662717339E-01
    3     -3.5439281454E-02  -4.2776731994E-02   3.3841598356E-02   5.1627725582E-02   4.0791050786E-02
    4     -3.6082214056E-02  -2.0928615446E-01   1.2662717339E-01   4.0791050786E-02   2.3010402864E-01
    5      2.8641334028E-02   1.2597905848E-01  -1.3680013217E-01  -3.0940281027E-02  -1.4055370582E-01
    6     -4.7145035123E-02  -1.1749399232E-02  -7.7474369810E-02   2.6743471025E-03   1.3327158340E-03
    7     -1.0561151280E-02  -4.9543430067E-02  -4.4944128024E-02   6.1529171621E-03   3.3431350994E-03
    8     -6.9128282291E-02  -4.3833896992E-02  -2.8486246239E-01  -4.3084898110E-03  -1.5840114526E-03
    9     -7.1320431493E-02   1.0025813007E-01   4.1731865382E-02   3.2592533387E-03  -2.9489397379E-03
   10      9.2377902455E-02  -2.3329530742E-01  -8.1827899551E-02   9.3372346832E-03  -2.4374033312E-02
   11      3.8587788412E-02  -8.2289778457E-02  -7.6850246913E-02  -6.8992765392E-03   1.5887643116E-02
   12      8.0179176792E-03   1.4020280916E-03  -5.2035468653E-05  -4.7105333380E-03  -1.5030597695E-03
   13      1.4091994499E-03  -2.2845047633E-03  -6.2844255975E-06   1.2883959479E-04   1.4857329869E-04
   14     -4.7624239576E-05  -5.6593751228E-06  -2.4747038175E-03  -5.4286223094E-04  -4.3952998273E-04
   15     -4.5391012615E-02  -3.7329418558E-03   1.5914916463E-04  -1.7411550408E-02  -1.5895480549E-03
   16     -3.7426450386E-03  -1.7717096973E-02   2.2709221853E-05  -1.3633305098E-02   6.4564791799E-05
   17      1.5297660039E-04   2.1831837103E-05  -1.7226753517E-02   8.8493020455E-03   6.2462378296E-05
                    5                  6                  7                  8                  9        
    0      2.8641334028E-02  -4.7145035123E-02  -1.0561151280E-02  -6.9128282291E-02  -7.1320431493E-02
    1      1.2597905848E-01  -1.1749399232E-02  -4.9543430067E-02  -4.3833896992E-02   1.0025813007E-01
    2     -1.3680013217E-01  -7.7474369810E-02  -4.4944128024E-02  -2.8486246239E-01   4.1731865382E-02
    3     -3.0940281027E-02   2.6743471025E-03   6.1529171621E-03  -4.3084898110E-03   3.2592533387E-03
    4     -1.4055370582E-01   1.3327158340E-03   3.3431350994E-03  -1.5840114526E-03  -2.9489397379E-03
    5      1.5014643113E-01   4.0219194481E-03   2.4021306050E-02  -2.0840699131E-02  -1.9486780501E-03
    6      4.0219194481E-03   6.3482243111E-02   1.3324989140E-02   7.5329650094E-02   4.3514932072E-03
    7      2.4021306050E-02   1.3324989140E-02   5.2723075289E-02   4.8747228291E-02  -5.8109620177E-03
    8     -2.0840699131E-02   7.5329650094E-02   4.8747228291E-02   3.1569932664E-01  -2.1306091394E-03
    9     -1.9486780501E-03   4.3514932072E-03  -5.8109620177E-03  -2.1306091394E-03   8.8709082229E-02
   10     -8.0534648396E-03   2.0482469553E-03  -6.0457815968E-03  -3.7915111734E-03  -9.9940564378E-02
   11      6.2693211917E-03   1.0856930535E-02  -2.6553771002E-02  -1.3146615328E-02  -4.2488167069E-02
   12      7.2779133827E-04  -4.7300236333E-03  -7.5026820277E-04  -1.0361909461E-03  -4.7004774891E-03
   13     -2.7829077909E-04  -4.6246817022E-04  -2.9245273572E-04  -3.3662711406E-05  -1.6152407452E-03
   14      6.2506017515E-05   1.0004659891E-03   2.3955291935E-04   5.1749820259E-04  -3.8369308847E-04
   15     -5.0209971567E-04  -1.8633040052E-02  -2.3555320345E-03   1.2739437710E-03  -2.0298897750E-02
   16     -1.1148466793E-03  -4.4940898955E-03  -1.8446783736E-04   4.9584267374E-04   1.0057571586E-02
   17      1.1626928014E-03  -1.3734590188E-02  -1.5102133703E-03   2.6330230720E-03   5.2192793088E-03
                   10                 11                 12                 13                 14        
    0      9.2377902455E-02   3.8587788412E-02   8.0179176792E-03   1.4091994499E-03  -4.7624239576E-05
    1     -2.3329530742E-01  -8.2289778457E-02   1.4020280916E-03  -2.2845047633E-03  -5.6593751228E-06
    2     -8.1827899551E-02  -7.6850246913E-02  -5.2035468653E-05  -6.2844255975E-06  -2.4747038175E-03
    3      9.3372346832E-03  -6.8992765392E-03  -4.7105333380E-03   1.2883959479E-04  -5.4286223094E-04
    4     -2.4374033312E-02   1.5887643116E-02  -1.5030597695E-03   1.4857329869E-04  -4.3952998273E-04
    5     -8.0534648396E-03   6.2693211917E-03   7.2779133827E-04  -2.7829077909E-04   6.2506017515E-05
    6      2.0482469553E-03   1.0856930535E-02  -4.7300236333E-03  -4.6246817022E-04   1.0004659891E-03
    7     -6.0457815968E-03  -2.6553771002E-02  -7.5026820277E-04  -2.9245273572E-04   2.3955291935E-04
    8     -3.7915111734E-03  -1.3146615328E-02  -1.0361909461E-03  -3.3662711406E-05   5.1749820259E-04
    9     -9.9940564378E-02  -4.2488167069E-02  -4.7004774891E-03  -1.6152407452E-03  -3.8369308847E-04
   10      2.5989219677E-01   9.1971978727E-02   3.0704670755E-04   3.4427267334E-04   2.0969003666E-04
   11      9.1971978727E-02   8.3211124668E-02   3.8389177189E-04   3.2189069833E-04  -1.1980007214E-04
   12      3.0704670755E-04   3.8389177189E-04   1.7904632494E-02   2.2369983087E-03  -8.9523453084E-05
   13      3.4427267334E-04   3.2189069833E-04   2.2369983087E-03   1.3885677493E-03  -1.2249241492E-05
   14      2.0969003666E-04  -1.1980007214E-04  -8.9523453084E-05  -1.2249241492E-05   1.0924263728E-03
   15     -4.1298924876E-03  -4.4117505393E-04  -1.1781248788E-02  -1.6972770085E-03   6.3235005497E-05
   16      3.4787447110E-03   6.6198266769E-04  -1.6927493490E-03   6.9553860092E-04   8.1955295034E-06
   17      1.4911993348E-03   6.3631599621E-04   6.6065708888E-05   8.5963174132E-06   9.2207080869E-04
                   15                 16                 17        
     0     -4.5391012615E-02  -3.7426450386E-03   1.5297660039E-04
     1     -3.7329418558E-03  -1.7717096973E-02   2.1831837103E-05
     2      1.5914916463E-04   2.2709221853E-05  -1.7226753517E-02
     3     -1.7411550408E-02  -1.3633305098E-02   8.8493020455E-03
     4     -1.5895480549E-03   6.4564791799E-05   6.2462378296E-05
     5     -5.0209971567E-04  -1.1148466793E-03   1.1626928014E-03
     6     -1.8633040052E-02  -4.4940898955E-03  -1.3734590188E-02
     7     -2.3555320345E-03  -1.8446783736E-04  -1.5102133703E-03
     8      1.2739437710E-03   4.9584267374E-04   2.6330230720E-03
     9     -2.0298897750E-02   1.0057571586E-02   5.2192793088E-03
    10     -4.1298924876E-03   3.4787447110E-03   1.4911993348E-03
    11     -4.4117505393E-04   6.6198266769E-04   6.3631599621E-04
    12     -1.1781248788E-02  -1.6927493490E-03   6.6065708888E-05
    13     -1.6972770085E-03   6.9553860092E-04   8.5963174132E-06
    14      6.3235005497E-05   8.1955295034E-06   9.2207080869E-04
    15      1.1351555386E-01   1.3505182668E-02  -5.5303265543E-04
    16      1.3505182668E-02   1.3662722279E-02  -7.3880750188E-05
    17     -5.5303265543E-04  -7.3880750188E-05   1.1872658021E-02

$vibrational_frequencies
18
    0        0.000000
    1        0.000000
    2        0.000000
    3        0.000000
    4        0.000000
    5        0.000000
    6       82.207269
    7      104.140095
    8      104.232461
    9      421.334883
   10      913.569418
   11      913.645734
   12     1243.365954
   13     1433.287408
   14     1433.685649
   15     3098.187038
   16     3126.511946
   17     3127.057185

$normal_modes
18 18
                    0                  1                  2                  3                  4        
    0      0.0000000000E+00   0.0000000000E+00   0.0000000000E+00   0.0000000000E+00   0.0000000000E+00
    1      0.0000000000E+00   0.0000000000E+00   0.0000000000E+00   0.0000000000E+00   0.0000000000E+00
    2      0.0000000000E+00   0.0000000000E+00   0.0000000000E+00   0.0000000000E+00   0.0000000000E+00
    3      0.0000000000E+00   0.0000000000E+00   0.0000000000E+00   0.0000000000E+00   0.0000000000E+00
    4      0.0000000000E+00   0.0000000000E+00   0.0000000000E+00   0.0000000000E+00   0.0000000000E+00
    5      0.0000000000E+00   0.0000000000E+00   0.0000000000E+00   0.0000000000E+00   0.0000000000E+00
    6      0.0000000000E+00   0.0000000000E+00   0.0000000000E+00   0.0000000000E+00   0.0000000000E+00
    7      0.0000000000E+00   0.0000000000E+00   0.0000000000E+00   0.0000000000E+00   0.0000000000E+00
    8      0.0000000000E+00   0.0000000000E+00   0.0000000000E+00   0.0000000000E+00   0.0000000000E+00
    9      0.0000000000E+00   0.0000000000E+00   0.0000000000E+00   0.0000000000E+00   0.0000000000E+00
   10      0.0000000000E+00   0.0000000000E+00   0.0000000000E+00   0.0000000000E+00   0.0000000000E+00
   11      0.0000000000E+00   0.0000000000E+00   0.0000000000E+00   0.0000000000E+00   0.0000000000E+00
   12      0.0000000000E+00   0.0000000000E+00   0.0000000000E+00   0.0000000000E+00   0.0000000000E+00
   13      0.0000000000E+00   0.0000000000E+00   0.0000000000E+00   0.0000000000E+00   0.0000000000E+00
   14      0.0000000000E+00   0.0000000000E+00   0.0000000000E+00   0.0000000000E+00   0.0000000000E+00
   15      0.0000000000E+00   0.0000000000E+00   0.0000000000E+00   0.0000000000E+00   0.0000000000E+00
   16      0.0000000000E+00   0.0000000000E+00   0.0000000000E+00   0.0000000000E+00   0.0000000000E+00
   17      0.0000000000E+00   0.0000000000E+00   0.0000000000E+00   0.0000000000E+00   0.0000000000E+00
                    5                  6                  7                  8                  9        
    0      0.0000000000E+00  -4.3553337043E-01  -5.4616073028E-02   1.9072097186E-02  -6.7274472066E-01
    1      0.0000000000E+00  -6.1909466352E-02   4.1532193076E-01  -1.2665639245E-01  -8.9186235201E-02
    2      0.0000000000E+00  -1.7309833581E-04   1.2805470792E-01   4.1891955480E-01   3.7873967855E-03
    3      0.0000000000E+00  -3.5787276408E-01  -1.7333167290E-01   1.8046863112E-01  -4.0796710273E-01
    4      0.0000000000E+00  -6.2953611894E-02   4.5870227075E-01  -1.2307263019E-01  -9.9936465536E-02
    5      0.0000000000E+00   7.3882603700E-03   1.4518582135E-01   4.7888510278E-01   3.7971886626E-02
    6      0.0000000000E+00  -3.5838697752E-01  -1.4432510556E-01  -1.5353502885E-01  -4.1326444721E-01
    7      0.0000000000E+00  -5.4168863814E-02   4.6271012496E-01  -1.6944191915E-01  -6.2886786772E-02
    8      0.0000000000E+00  -1.4403091133E-02   1.4705344183E-01   4.8008543611E-01  -5.4876965556E-02
    9      0.0000000000E+00  -3.6410295342E-01   1.3060987491E-01   3.8310336957E-02  -4.2154342090E-01
   10      0.0000000000E+00  -4.0401727817E-02   5.0019078283E-01  -1.4099283075E-01  -1.8623553420E-03
   11      0.0000000000E+00   4.0941195034E-03   1.4608289528E-01   4.7485862014E-01   2.3932342365E-02
   12      0.0000000000E+00   4.7222928149E-01   3.1622307178E-03  -9.2189820699E-04  -3.0848995308E-04
   13      0.0000000000E+00   6.3158182362E-02  -2.1790977302E-02   6.6678177288E-03  -5.1009099940E-05
   14      0.0000000000E+00  -2.3092520304E-03  -6.7322248702E-03  -2.2018935716E-02  -4.6258728074E-06
   15      0.0000000000E+00  -4.2242473532E-01   3.4929066496E-03  -1.4015127468E-03   7.3855014858E-02
   16      0.0000000000E+00  -5.6047236755E-02  -2.8811132346E-02   8.7635878569E-03   9.8005675200E-03
   17      0.0000000000E+00   2.3488356479E-03  -8.8697753862E-03  -2.9020800809E-02  -4.0966809357E-04
                   10                 11                 12                 13                 14        
    0     -1.1736774531E-02   4.5948794848E-03   8.5575372130E-02   9.2620970910E-03  -3.4705421741E-03
    1      8.9832544638E-02  -3.0829758677E-02   1.1422426016E-02  -7.0257597606E-02   2.3312860970E-02
    2      3.1179057205E-02   9.0546728742E-02  -4.3121335699E-04  -2.3565585624E-02  -7.0869597027E-02
    3      4.3518594953E-01  -6.3636549977E-01  -5.6370358947E-01   1.1757789278E-01  -2.8202427368E-01
    4     -1.3340961944E-01  -6.6451974716E-02   5.6304383520E-02   3.5286502990E-01   2.9951741108E-01
    5     -1.1185993478E-01  -1.7784039215E-01  -9.9380251738E-02   5.3262721481E-01   2.6750169505E-01
    6      3.7239079950E-01   6.5954942908E-01  -5.4805508656E-01   4.0220427486E-02   3.0247448154E-01
    7     -1.7564498933E-01   1.7869084780E-01  -4.9838743310E-02   6.7003053303E-01  -3.0902093989E-01
    8     -3.9307778620E-02  -1.5139274450E-01   1.6688809332E-01  -1.4700789068E-01  -5.9920288733E-02
    9     -7.3459684910E-01  -5.1134097967E-02  -5.2634733441E-01  -2.7554175713E-01   2.3650966317E-02
   10     -2.4243538791E-01   7.7083569315E-02  -2.2472448258E-01  -1.2994081971E-01  -2.8675278134E-01
   11     -4.0282988382E-02  -2.2669820508E-01  -5.8984604851E-02  -8.6108433948E-02   6.9300394663E-01
   12     -3.1291583128E-05   9.1909112485E-06   1.0792556869E-03  -3.8801432604E-06   1.1865212697E-06
   13      2.0158554503E-04  -6.9952445050E-05   1.4468560761E-04   2.6160019829E-05  -8.7435509586E-06
   14      7.0256977967E-05   2.0510832729E-04  -5.0289272251E-06   8.8027192708E-06   2.6519109653E-05
   15      5.6247093501E-04  -2.2207765266E-04   3.8329985595E-03   6.2495873738E-05  -2.3009228263E-05
   16     -4.3235459626E-03   1.4841306131E-03   5.0787667948E-04  -4.6929931312E-04   1.5543848811E-04
   17     -1.5005906950E-03  -4.3593870227E-03  -2.1859323292E-05  -1.5742942040E-04  -4.7234500306E-04
                   15                 16                 17        
     0      3.4488372784E-02  -1.1409537405E-02   3.8717003315E-03
     1      4.0309519729E-03   8.8813152784E-02  -2.4777625745E-02
     2     -5.7761657797E-04   2.5058866829E-02   8.9568843945E-02
     3     -8.4722291622E-02  -9.0860318312E-02   1.1725053080E-01
     4     -4.5362446704E-01  -3.6083647507E-01   5.2706361160E-01
     5      3.4365336201E-01   3.1291492539E-01  -3.6744878700E-01
     6     -1.3634485943E-01  -9.4672726236E-02  -2.0073899208E-01
     7     -9.6492479607E-02  -2.0054970483E-02  -1.4349708932E-01
     8     -5.4813056924E-01  -3.1790034372E-01  -7.0324134651E-01
     9     -2.1406683159E-01   3.2097437351E-01   3.7382423538E-02
    10      4.9884788878E-01  -6.7506428460E-01  -8.8990235446E-02
    11      2.1147489043E-01  -2.9294657676E-01   5.7875163992E-03
    12      8.9795556337E-05   4.1309619721E-06  -7.5469442822E-07
    13      1.2179243439E-05  -2.4681242479E-05   6.9771430043E-06
    14     -3.1487852089E-07  -7.0019719772E-06  -2.5059273754E-05
    15      1.0228646881E-04  -7.1906179516E-08   5.3320794223E-07
    16      1.3537432508E-05   6.3092796180E-06  -1.6882092112E-06
    17     -5.9853317891E-07   1.7490291979E-06   6.2291194798E-06

#
# The atoms: label  mass x y z (in bohrs)
#
$atoms
6
 C     12.01100     -4.834612933841     1.784829314197     0.006501096460
 H      1.00800     -4.452515905696     3.382236852780    -1.197070378065
 H      1.00800     -4.269669932291     2.134214609471     1.931329174775
 H      1.00800     -4.010213941859     0.072510745302    -0.724958906999
 I    126.90000      1.091980047470     2.576361695816    -0.023190651807
 I    126.90000     -8.951681740522     1.237600693869     0.028771911172

$actual_temperature
  0.000000

$frequency_scale_factor
  1.000000

$dipole_derivatives
18
    0.0000000000E+00    0.0000000000E+00    0.0000000000E+00
    0.0000000000E+00    0.0000000000E+00    0.0000000000E+00
    0.0000000000E+00    0.0000000000E+00    0.0000000000E+00
    0.0000000000E+00    0.0000000000E+00    0.0000000000E+00
    0.0000000000E+00    0.0000000000E+00    0.0000000000E+00
    0.0000000000E+00    0.0000000000E+00    0.0000000000E+00
    0.0000000000E+00    0.0000000000E+00    0.0000000000E+00
    0.0000000000E+00    0.0000000000E+00    0.0000000000E+00
    0.0000000000E+00    0.0000000000E+00    0.0000000000E+00
    0.0000000000E+00    0.0000000000E+00    0.0000000000E+00
    0.0000000000E+00    0.0000000000E+00    0.0000000000E+00
    0.0000000000E+00    0.0000000000E+00    0.0000000000E+00
    0.0000000000E+00    0.0000000000E+00    0.0000000000E+00
    0.0000000000E+00    0.0000000000E+00    0.0000000000E+00
    0.0000000000E+00    0.0000000000E+00    0.0000000000E+00
    0.0000000000E+00    0.0000000000E+00    0.0000000000E+00
    0.0000000000E+00    0.0000000000E+00    0.0000000000E+00
    0.0000000000E+00    0.0000000000E+00    0.0000000000E+00

#
# The IR spectrum
#  wavenumber T**2 TX TY  TY
#
$ir_spectrum
18
      0.00       0.0000       0.0000       0.0000       0.0000
      0.00       0.0000       0.0000       0.0000       0.0000
      0.00       0.0000       0.0000       0.0000       0.0000
      0.00       0.0000       0.0000       0.0000       0.0000
      0.00       0.0000       0.0000       0.0000       0.0000
      0.00       0.0000       0.0000       0.0000       0.0000
     82.21       0.0000       0.0000       0.0000       0.0000
    104.14       0.0000       0.0000       0.0000       0.0000
    104.23       0.0000       0.0000       0.0000       0.0000
    421.33       0.0000       0.0000       0.0000       0.0000
    913.57       0.0000       0.0000       0.0000       0.0000
    913.65       0.0000       0.0000       0.0000       0.0000
   1243.37       0.0000       0.0000       0.0000       0.0000
   1433.29       0.0000       0.0000       0.0000       0.0000
   1433.69       0.0000       0.0000       0.0000       0.0000
   3098.19       0.0000       0.0000       0.0000       0.0000
   3126.51       0.0000       0.0000       0.0000       0.0000
   3127.06       0.0000       0.0000       0.0000       0.0000

$job_list
18
    0    1    1    1
    1    1    1    1
    2    1    1    1
    3    1    1    1
    4    1    1    1
    5    1    1    1


$end

