
$orca_hessian_file

$act_atom
  5

$act_coord
  2

$act_energy
      -11.554854

$hessian
18
                    0                  1                  2                  3                  4        
    0      1.9167194140E-01  -4.3787874621E-02   1.4960469782E-03  -6.8684092806E-02   7.5730509457E-02
    1     -4.3787874621E-02   5.1195927731E-01   1.4268693080E-04   8.2431353866E-02  -1.7701274256E-01
    2      1.4960469782E-03   1.4268693080E-04   5.1801424145E-01  -6.6682227454E-02   1.1255932048E-01
    3     -6.8684092806E-02   8.2431353866E-02  -6.6682227454E-02   8.5953471091E-02  -8.1560110092E-02
    4      7.5730509457E-02  -1.7701274256E-01   1.1255932048E-01  -8.1560110092E-02   1.9678757825E-01
    5     -6.1473967497E-02   1.1323217966E-01  -1.3577121132E-01   6.7484574042E-02  -1.2671756015E-01
    6     -5.1404436154E-02   1.0699785672E-02   8.4295841086E-02   4.5626508223E-03  -1.0005388903E-03
    7      9.5136822221E-03  -4.3799532784E-02  -2.3458025608E-02  -5.5806682210E-03   1.4286838266E-03
    8      7.5938211954E-02  -2.4588830254E-02  -2.8628351597E-01   4.3320187427E-03  -4.0957021180E-04
    9     -3.4077035133E-02  -4.6915708706E-02  -1.9167808297E-02   3.0387290102E-03   1.0561533101E-02
   10     -3.9031930377E-02  -2.7112602692E-01  -8.9254908593E-02  -1.9712203293E-03  -2.4076873920E-02
   11     -1.6020661243E-02  -8.8797267017E-02  -7.6259772976E-02   2.5251595172E-03   1.7078178568E-02
   12     -4.5506542496E-02  -3.8147881503E-03   1.1804263424E-04  -2.0130185969E-02  -3.9053297620E-03
   13     -3.7969489767E-03  -1.7730934346E-02   1.7314823488E-05   8.1394711561E-03   2.7126337858E-03
   14      1.2942464647E-04   1.8928875590E-05  -1.7223923322E-02  -8.3525812743E-03  -2.2265936303E-03
   15      8.0001290645E-03   1.3872440652E-03  -5.9897469179E-05  -4.7405519347E-03   1.7391281842E-04
   16      1.3725727283E-03  -2.2903401370E-03  -6.4018859911E-06  -1.4588383712E-03   1.6083871178E-04
   17     -6.9042234250E-05  -7.6966832876E-06  -2.4761161133E-03   6.9305818852E-04  -2.8374276110E-04
                    5                  6                  7                  8                  9        
    0     -6.1473967497E-02  -5.1404436154E-02   9.5136822221E-03   7.5938211954E-02  -3.4077035133E-02
    1      1.1323217966E-01   1.0699785672E-02  -4.3799532784E-02  -2.4588830254E-02  -4.6915708706E-02
    2     -1.3577121132E-01   8.4295841086E-02  -2.3458025608E-02  -2.8628351597E-01  -1.9167808297E-02
    3      6.7484574042E-02   4.5626508223E-03  -5.5806682210E-03   4.3320187427E-03   3.0387290102E-03
    4     -1.2671756015E-01  -1.0005388903E-03   1.4286838266E-03  -4.0957021180E-04   1.0561533101E-02
    5      1.4910460418E-01  -1.0436716600E-02   2.2159780712E-02  -2.0830641253E-02   4.0119616976E-03
    6     -1.0436716600E-02   6.7880456249E-02  -8.6190151700E-03  -8.3072455594E-02   2.6779131643E-03
    7      2.2159780712E-02  -8.6190151700E-03   4.6800994251E-02   2.7713408273E-02   7.9084057114E-03
    8     -2.0830641253E-02  -8.3072455594E-02   2.7713408273E-02   3.1718880103E-01   2.8860397457E-03
    9      4.0119616976E-03   2.6779131643E-03   7.9084057114E-03   2.8860397457E-03   5.0262728191E-02
   10     -7.2018529150E-03   2.8943355190E-04  -4.4212269270E-03  -3.1159032824E-03   4.3865370399E-02
   11      6.1921189254E-03  -3.6681292525E-03  -2.8566424955E-02  -1.3101030869E-02   1.7139529730E-02
   12      9.9568328904E-04  -1.8962356066E-02  -2.7651242999E-03  -1.1467786640E-03  -1.7221807399E-02
   13     -1.0276928886E-03  -6.2616071813E-04   2.8143155929E-04   1.5384402571E-04  -1.5675725409E-02
   14      1.2414414612E-03   1.3858541640E-02   2.1772614344E-03   2.5093674100E-03  -5.2325153893E-03
   15     -5.8152074716E-04  -4.7542345990E-03  -4.5729211142E-04   1.0629425746E-03  -4.6805687730E-03
   16     -4.4480316440E-04  -7.4351375545E-04  -2.9026919356E-04   2.4706418744E-04   2.5613689397E-04
   17      6.3808139426E-05  -9.7708198536E-04  -2.6025797657E-05   5.1709125153E-04   3.6279780948E-04
                   10                 11                 12                 13                 14        
    0     -3.9031930377E-02  -1.6020661243E-02  -4.5506542496E-02  -3.7969489767E-03   1.2942464647E-04
    1     -2.7112602692E-01  -8.8797267017E-02  -3.8147881503E-03  -1.7730934346E-02   1.8928875590E-05
    2     -8.9254908593E-02  -7.6259772976E-02   1.1804263424E-04   1.7314823488E-05  -1.7223923322E-02
    3     -1.9712203293E-03   2.5251595172E-03  -2.0130185969E-02   8.1394711561E-03  -8.3525812743E-03
    4     -2.4076873920E-02   1.7078178568E-02  -3.9053297620E-03   2.7126337858E-03  -2.2265936303E-03
    5     -7.2018529150E-03   6.1921189254E-03   9.9568328904E-04  -1.0276928886E-03   1.2414414612E-03
    6      2.8943355190E-04  -3.6681292525E-03  -1.8962356066E-02  -6.2616071813E-04   1.3858541640E-02
    7     -4.4212269270E-03  -2.8566424955E-02  -2.7651242999E-03   2.8143155929E-04   2.1772614344E-03
    8     -3.1159032824E-03  -1.3101030869E-02  -1.1467786640E-03   1.5384402571E-04   2.5093674100E-03
    9      4.3865370399E-02   1.7139529730E-02  -1.7221807399E-02  -1.5675725409E-02  -5.2325153893E-03
   10      2.9895062348E-01   9.9168535744E-02  -1.4827773026E-03   3.4192505600E-04   8.4025520584E-05
   11      9.9168535744E-02   8.2602181013E-02   4.3048902859E-04   9.0938294549E-04   6.8555525162E-04
   12     -1.4827773026E-03   4.3048902859E-04   1.1361444048E-01   1.3654876597E-02  -4.6843743600E-04
   13      3.4192505600E-04   9.0938294549E-04   1.3654876597E-02   1.3697132865E-02  -6.1750564386E-05
   14      8.4025520584E-05   6.8555525162E-04  -4.6843743600E-04  -6.1750564386E-05   1.1863497828E-02
   15     -1.6688670963E-03  -4.0637820126E-04  -1.1793754146E-02  -1.6955501786E-03   6.5569759837E-05
   16      3.3167231835E-04   2.0754004469E-04  -1.6868535678E-03   6.9782371623E-04   8.1327386605E-06
   17      3.2009811752E-04  -1.1895173152E-04   7.0980719468E-05   8.8990151188E-06   9.2407071824E-04
                   15                 16                 17        
     0      8.0001290645E-03   1.3725727283E-03  -6.9042234250E-05
     1      1.3872440652E-03  -2.2903401370E-03  -7.6966832876E-06
     2     -5.9897469179E-05  -6.4018859911E-06  -2.4761161133E-03
     3     -4.7405519347E-03  -1.4588383712E-03   6.9305818852E-04
     4      1.7391281842E-04   1.6083871178E-04  -2.8374276110E-04
     5     -5.8152074716E-04  -4.4480316440E-04   6.3808139426E-05
     6     -4.7542345990E-03  -7.4351375545E-04  -9.7708198536E-04
     7     -4.5729211142E-04  -2.9026919356E-04  -2.6025797657E-05
     8      1.0629425746E-03   2.4706418744E-04   5.1709125153E-04
     9     -4.6805687730E-03   2.5613689397E-04   3.6279780948E-04
    10     -1.6688670963E-03   3.3167231835E-04   3.2009811752E-04
    11     -4.0637820126E-04   2.0754004469E-04  -1.1895173152E-04
    12     -1.1793754146E-02  -1.6868535678E-03   7.0980719468E-05
    13     -1.6955501786E-03   6.9782371623E-04   8.8990151188E-06
    14      6.5569759837E-05   8.1327386605E-06   9.2407071824E-04
    15      1.7969249419E-02   2.2605478690E-03  -8.0714445183E-05
    16      2.2605478690E-03   1.3902694944E-03  -1.1531725462E-05
    17     -8.0714445183E-05  -1.1531725462E-05   1.0900952860E-03

$vibrational_frequencies
18
    0        0.000000
    1        0.000000
    2        0.000000
    3        0.000000
    4        0.000000
    5        0.000000
    6       82.365658
    7      104.133361
    8      104.255988
    9      421.773592
   10      913.610846
   11      913.837393
   12     1243.729403
   13     1433.541610
   14     1433.724502
   15     3098.039995
   16     3126.350412
   17     3126.697972

$normal_modes
18 18
                    0                  1                  2                  3                  4        
    0      0.0000000000E+00   0.0000000000E+00   0.0000000000E+00   0.0000000000E+00   0.0000000000E+00
    1      0.0000000000E+00   0.0000000000E+00   0.0000000000E+00   0.0000000000E+00   0.0000000000E+00
    2      0.0000000000E+00   0.0000000000E+00   0.0000000000E+00   0.0000000000E+00   0.0000000000E+00
    3      0.0000000000E+00   0.0000000000E+00   0.0000000000E+00   0.0000000000E+00   0.0000000000E+00
    4      0.0000000000E+00   0.0000000000E+00   0.0000000000E+00   0.0000000000E+00   0.0000000000E+00
    5      0.0000000000E+00   0.0000000000E+00   0.0000000000E+00   0.0000000000E+00   0.0000000000E+00
    6      0.0000000000E+00   0.0000000000E+00   0.0000000000E+00   0.0000000000E+00   0.0000000000E+00
    7      0.0000000000E+00   0.0000000000E+00   0.0000000000E+00   0.0000000000E+00   0.0000000000E+00
    8      0.0000000000E+00   0.0000000000E+00   0.0000000000E+00   0.0000000000E+00   0.0000000000E+00
    9      0.0000000000E+00   0.0000000000E+00   0.0000000000E+00   0.0000000000E+00   0.0000000000E+00
   10      0.0000000000E+00   0.0000000000E+00   0.0000000000E+00   0.0000000000E+00   0.0000000000E+00
   11      0.0000000000E+00   0.0000000000E+00   0.0000000000E+00   0.0000000000E+00   0.0000000000E+00
   12      0.0000000000E+00   0.0000000000E+00   0.0000000000E+00   0.0000000000E+00   0.0000000000E+00
   13      0.0000000000E+00   0.0000000000E+00   0.0000000000E+00   0.0000000000E+00   0.0000000000E+00
   14      0.0000000000E+00   0.0000000000E+00   0.0000000000E+00   0.0000000000E+00   0.0000000000E+00
   15      0.0000000000E+00   0.0000000000E+00   0.0000000000E+00   0.0000000000E+00   0.0000000000E+00
   16      0.0000000000E+00   0.0000000000E+00   0.0000000000E+00   0.0000000000E+00   0.0000000000E+00
   17      0.0000000000E+00   0.0000000000E+00   0.0000000000E+00   0.0000000000E+00   0.0000000000E+00
                    5                  6                  7                  8                  9        
    0      0.0000000000E+00   4.3685687859E-01  -5.4953453277E-02   1.8518731649E-02  -6.7241147219E-01
    1      0.0000000000E+00   4.9510137369E-02   4.1648068693E-01  -1.2280841272E-01  -9.0569277630E-02
    2      0.0000000000E+00  -7.7303757504E-03   1.2417548365E-01   4.2008446989E-01   2.8869155326E-03
    3      0.0000000000E+00   3.6142875066E-01   4.9831129393E-02  -1.3665990994E-01  -4.2030818326E-01
    4      0.0000000000E+00   2.7263162032E-02   4.8950202829E-01  -1.5969024865E-01  -1.0806551567E-02
    5      0.0000000000E+00   1.4350213083E-04   1.3913491210E-01   4.8341994824E-01  -3.3901529006E-02
    6      0.0000000000E+00   3.5849649089E-01   1.7603043993E-02   1.9774750821E-01  -4.1480902854E-01
    7      0.0000000000E+00   3.5733142061E-02   4.8628317089E-01  -1.2011072004E-01  -4.7826671951E-02
    8      0.0000000000E+00  -2.1681061243E-02   1.4173093995E-01   4.7997186654E-01   5.8950729499E-02
    9      0.0000000000E+00   3.6535887631E-01  -2.5546789515E-01   2.3167572337E-03  -4.0754001840E-01
   10      0.0000000000E+00   5.1135846226E-02   4.4975864292E-01  -1.4054520327E-01  -1.0895712585E-01
   11      0.0000000000E+00  -3.2316124762E-03   1.4416319867E-01   4.7446739723E-01  -1.9847442894E-02
   12      0.0000000000E+00   4.2250095750E-01   4.4577795029E-03  -1.0975358990E-03   7.3786653346E-02
   13      0.0000000000E+00   5.6914080911E-02  -2.8764474059E-02   8.5321422234E-03   9.9204217638E-03
   14      0.0000000000E+00  -1.8111853705E-03  -8.6054909461E-03  -2.9101908388E-02  -3.2826906441E-04
   15      0.0000000000E+00  -4.7246986499E-01   2.2371292350E-03  -1.1588870811E-03  -2.7260543094E-04
   16      0.0000000000E+00  -6.2506763869E-02  -2.1978612809E-02   6.4305117289E-03  -1.6886178499E-05
   17      0.0000000000E+00   2.7396082870E-03  -6.5237526884E-03  -2.2080098338E-02   1.3705517355E-05
                   10                 11                 12                 13                 14        
    0     -4.2318673476E-03  -1.2042842082E-02   8.5594924052E-02  -9.2073467673E-03   3.6434286869E-03
    1      2.8427125570E-02   9.0606484176E-02   1.1437412629E-02   6.9763910811E-02  -2.4682634472E-02
    2     -9.1367920225E-02   2.8747197950E-02  -4.2317751913E-04   2.4942359338E-02   7.0386700274E-02
    3     -6.1905779299E-01  -4.0284655839E-01  -5.2799065242E-01   1.9706521448E-01  -2.0011259852E-01
    4     -9.6113063458E-02  -2.4591311857E-01  -2.0222971170E-01  -3.1725502904E-01  -3.5723737051E-01
    5      1.8721091106E-01  -1.0277471015E-01   1.0485029721E-01  -5.3935881505E-01  -2.5456967411E-01
    6      6.9290690574E-01  -2.9529889259E-01  -5.4330719867E-01   2.2031844312E-01   2.0721377970E-01
    7      7.8914429759E-03  -2.6731372670E-01  -9.5977518325E-02  -6.2820758268E-01   3.9003653522E-01
    8      1.4577579120E-01  -3.2069246811E-02  -1.6149979759E-01   1.4692739467E-01   5.4529869679E-02
    9     -4.7497789618E-02   7.7080477288E-01  -5.6656182083E-01  -3.0020616225E-01  -5.3360880266E-02
   10     -8.6372754511E-02  -4.3639744206E-02   7.8945011266E-02   5.8734389303E-02   2.8086733962E-01
   11      2.2833587490E-01  -4.1779834160E-02   6.4503085195E-02   7.5407929852E-02  -6.9439199666E-01
   12      2.0342882515E-04   5.8038511661E-04   3.8274489621E-03  -6.1138609449E-05   2.4338961603E-05
   13     -1.3680830750E-03  -4.3592618133E-03   5.1596329822E-04   4.6638936222E-04  -1.6451206376E-04
   14      4.3970995442E-03  -1.3831039258E-03  -1.6144904520E-05   1.6664878370E-04   4.6903173132E-04
   15     -1.2200889737E-05  -1.7690240598E-05   1.0809979765E-03   1.8362194207E-06  -1.7341174645E-06
   16      6.4323616975E-05   2.0675622427E-04   1.4315059786E-04  -2.5981833099E-05   9.1715301420E-06
   17     -2.0791962271E-04   6.5170016187E-05  -6.1847117683E-06  -9.2256123380E-06  -2.6379260788E-05
                   15                 16                 17        
     0      3.4381793759E-02   1.2112286379E-02  -3.2912148068E-03
     1      5.0573062027E-03  -8.9426866316E-02   2.2169017901E-02
     2      1.9661635178E-04  -2.2403952445E-02  -9.0257015317E-02
     3     -2.0448894976E-01  -1.9275058142E-01   2.4963800916E-01
     4      4.1539393933E-01   3.3736653370E-01  -4.6759637159E-01
     5     -3.4250077135E-01  -3.2170559427E-01   3.5613511672E-01
     6     -1.5172573116E-01  -8.6686674735E-02  -2.2727729367E-01
     7      5.8066928691E-02  -7.7134305066E-03   8.6583327850E-02
     8      5.4994199487E-01   2.9713102683E-01   7.1437153018E-01
     9     -7.7656855777E-02   1.3523923363E-01   1.6685050677E-02
    10     -5.3693961561E-01   7.3354714485E-01   1.1743218080E-01
    11     -2.0965262492E-01   2.9094457976E-01   2.5724135954E-03
    12      1.0215847782E-04   1.3345042610E-06   1.7046301938E-08
    13      1.3813163951E-05  -6.2164923301E-06   1.5428620566E-06
    14     -3.9532370865E-07  -1.5846404221E-06  -6.1833055032E-06
    15      8.9983241226E-05  -2.3515649199E-06   1.3434639114E-06
    16      1.1744541104E-05   2.5130923328E-05  -6.1335961933E-06
    17     -6.4854065754E-07   6.2568264180E-06   2.5200783871E-05

#
# The atoms: label  mass x y z (in bohrs)
#
$atoms
6
 C     12.01100     -3.025360737911     2.024975827854    -0.003495445137
 H      1.00800     -3.825661598765     3.464565093819    -1.200825380854
 H      1.00800     -3.643871614950     2.216539290576     1.927091263798
 H      1.00800     -3.379001304606     0.155368284748    -0.728975887474
 I    126.90000      1.090634581583     2.576739918099    -0.022830390934
 I    126.90000     -8.951500043693     1.238013626654     0.029016943340

$actual_temperature
  0.000000

$frequency_scale_factor
  1.000000

$dipole_derivatives
18
    0.0000000000E+00    0.0000000000E+00    0.0000000000E+00
    0.0000000000E+00    0.0000000000E+00    0.0000000000E+00
    0.0000000000E+00    0.0000000000E+00    0.0000000000E+00
    0.0000000000E+00    0.0000000000E+00    0.0000000000E+00
    0.0000000000E+00    0.0000000000E+00    0.0000000000E+00
    0.0000000000E+00    0.0000000000E+00    0.0000000000E+00
    0.0000000000E+00    0.0000000000E+00    0.0000000000E+00
    0.0000000000E+00    0.0000000000E+00    0.0000000000E+00
    0.0000000000E+00    0.0000000000E+00    0.0000000000E+00
    0.0000000000E+00    0.0000000000E+00    0.0000000000E+00
    0.0000000000E+00    0.0000000000E+00    0.0000000000E+00
    0.0000000000E+00    0.0000000000E+00    0.0000000000E+00
    0.0000000000E+00    0.0000000000E+00    0.0000000000E+00
    0.0000000000E+00    0.0000000000E+00    0.0000000000E+00
    0.0000000000E+00    0.0000000000E+00    0.0000000000E+00
    0.0000000000E+00    0.0000000000E+00    0.0000000000E+00
    0.0000000000E+00    0.0000000000E+00    0.0000000000E+00
    0.0000000000E+00    0.0000000000E+00    0.0000000000E+00

#
# The IR spectrum
#  wavenumber T**2 TX TY  TY
#
$ir_spectrum
18
      0.00       0.0000       0.0000       0.0000       0.0000
      0.00       0.0000       0.0000       0.0000       0.0000
      0.00       0.0000       0.0000       0.0000       0.0000
      0.00       0.0000       0.0000       0.0000       0.0000
      0.00       0.0000       0.0000       0.0000       0.0000
      0.00       0.0000       0.0000       0.0000       0.0000
     82.37       0.0000       0.0000       0.0000       0.0000
    104.13       0.0000       0.0000       0.0000       0.0000
    104.26       0.0000       0.0000       0.0000       0.0000
    421.77       0.0000       0.0000       0.0000       0.0000
    913.61       0.0000       0.0000       0.0000       0.0000
    913.84       0.0000       0.0000       0.0000       0.0000
   1243.73       0.0000       0.0000       0.0000       0.0000
   1433.54       0.0000       0.0000       0.0000       0.0000
   1433.72       0.0000       0.0000       0.0000       0.0000
   3098.04       0.0000       0.0000       0.0000       0.0000
   3126.35       0.0000       0.0000       0.0000       0.0000
   3126.70       0.0000       0.0000       0.0000       0.0000

$job_list
18
    0    1    1    1
    1    1    1    1
    2    1    1    1
    3    1    1    1
    4    1    1    1
    5    1    1    1


$end

