
$orca_hessian_file

$act_atom
  5

$act_coord
  2

$act_energy
      -11.548148

$hessian
18
                    0                  1                  2                  3                  4        
    0     -2.6954837446E-02  -8.3060426424E-02   3.1804623880E-03  -6.9626912232E-03   2.9953802134E-02
    1     -8.3060426424E-02   5.8459737644E-01   4.2429488866E-04   2.9898261241E-02  -2.2376802865E-01
    2      3.1804623880E-03   4.2429488866E-04   5.9565423314E-01  -1.9828371612E-02   1.4459430402E-01
    3     -6.9626912232E-03   2.9898261241E-02  -1.9828371612E-02   4.1225142241E-02  -2.7531439751E-02
    4      2.9953802134E-02  -2.2376802865E-01   1.4459430402E-01  -2.7531439751E-02   2.3971592839E-01
    5     -1.9870482921E-02   1.4458198643E-01  -1.5549885943E-01   2.1371656329E-02  -1.5679640325E-01
    6     -3.6252924639E-03   5.5472162245E-03   3.4577800778E-03  -9.0029954308E-04  -5.0357482351E-04
    7      5.5570492122E-03  -4.6486681206E-02  -4.1561599205E-02  -3.7459161660E-04   2.7512145955E-03
    8      3.5251243637E-03  -4.1541137128E-02  -3.3614037346E-01   2.2555602300E-04  -2.3640377711E-03
    9     -8.0482141806E-03   3.8772678855E-02   1.3528064317E-02  -1.2968007229E-03   2.6237892822E-03
   10      3.8707942272E-02  -2.9485577820E-01  -1.0341189675E-01   2.5232005405E-03  -2.0104891191E-02
   11      1.3502772925E-02  -1.0342005850E-01  -8.3354050553E-02  -2.0614439827E-03   1.5663063299E-02
   12      2.2777126124E-02   4.4255634158E-03  -1.6838725500E-04  -1.6756776050E-02  -3.5200236550E-03
   13      4.4190461262E-03  -9.7357045706E-03  -2.2478908885E-05   3.7986387270E-03   1.3715167105E-03
   14     -1.6884231589E-04  -2.2570305164E-05  -1.0325660418E-02  -4.6284253685E-03  -1.1769980432E-03
   15      2.2805938842E-02   4.4143322854E-03  -1.6945701330E-04  -1.5310042266E-02  -1.0115982637E-03
   16      4.4238684307E-03  -9.7470555936E-03  -2.2618742436E-05  -8.3185276066E-03   6.1116842337E-05
   17     -1.6904439891E-04  -2.2517059308E-05  -1.0335447836E-02   4.9210210458E-03   8.0130585485E-05
                    5                  6                  7                  8                  9        
    0     -1.9870482921E-02  -3.6252924639E-03   5.5570492122E-03   3.5251243637E-03  -8.0482141806E-03
    1      1.4458198643E-01   5.5472162245E-03  -4.6486681206E-02  -4.1541137128E-02   3.8772678855E-02
    2     -1.5549885943E-01   3.4577800778E-03  -4.1561599205E-02  -3.3614037346E-01   1.3528064317E-02
    3      2.1371656329E-02  -9.0029954308E-04  -3.7459161660E-04   2.2555602300E-04  -1.2968007229E-03
    4     -1.5679640325E-01  -5.0357482351E-04   2.7512145955E-03  -2.3640377711E-03   2.6237892822E-03
    5      1.6503664694E-01  -2.9198643643E-03   2.1361341995E-02  -1.7123631673E-02   1.1059533390E-03
    6     -2.9198643643E-03   3.7594404461E-02  -1.0624630142E-03  -4.0398035541E-03  -9.8254464825E-04
    7      2.1361341995E-02  -1.0624630142E-03   4.7497671255E-02   4.5025293496E-02   2.4002580514E-04
    8     -1.7123631673E-02  -4.0398035541E-03   4.5025293496E-02   3.6090247685E-01   1.4104208585E-04
    9      1.1059533390E-03  -9.8254464825E-04   2.4002580514E-04   1.4104208585E-04   4.2372706556E-02
   10     -8.0590849346E-03   3.7404903531E-04  -3.8026401532E-03  -1.4531600783E-03  -3.6979299720E-02
   11      6.1291536546E-03   3.3217476952E-03  -2.5173098865E-02  -1.0487057833E-02  -1.4820416915E-02
   12      1.0538957006E-03  -1.6177095851E-02  -2.4032200814E-03  -1.3606300750E-03  -1.5311018754E-02
   13     -4.6342003245E-04  -1.1033290284E-03   1.4279467471E-04  -1.4208862482E-05  -9.4804962674E-03
   14      7.5087929674E-04   7.7609900939E-03   1.1976393054E-03   1.3921494024E-03  -2.8727320526E-03
   15     -7.4964596353E-04  -1.5909346892E-02  -1.9547057930E-03   1.5220337460E-03  -1.6732546189E-02
   16     -6.4612084497E-04  -3.2530604626E-03  -9.8030704150E-05   3.8306310802E-04   4.8271778057E-03
   17      7.0589471571E-04  -7.5808466492E-03  -8.4960708608E-04   1.4564451311E-03   2.9180932381E-03
                   10                 11                 12                 13                 14        
    0      3.8707942272E-02   1.3502772925E-02   2.2777126124E-02   4.4190461262E-03  -1.6884231589E-04
    1     -2.9485577820E-01  -1.0342005850E-01   4.4255634158E-03  -9.7357045706E-03  -2.2570305164E-05
    2     -1.0341189675E-01  -8.3354050553E-02  -1.6838725500E-04  -2.2478908885E-05  -1.0325660418E-02
    3      2.5232005405E-03  -2.0614439827E-03  -1.6756776050E-02   3.7986387270E-03  -4.6284253685E-03
    4     -2.0104891191E-02   1.5663063299E-02  -3.5200236550E-03   1.3715167105E-03  -1.1769980432E-03
    5     -8.0590849346E-03   6.1291536546E-03   1.0538957006E-03  -4.6342003245E-04   7.5087929674E-04
    6      3.7404903531E-04   3.3217476952E-03  -1.6177095851E-02  -1.1033290284E-03   7.7609900939E-03
    7     -3.8026401532E-03  -2.5173098865E-02  -2.4032200814E-03   1.4279467471E-04   1.1976393054E-03
    8     -1.4531600783E-03  -1.0487057833E-02  -1.3606300750E-03  -1.4208862482E-05   1.3921494024E-03
    9     -3.6979299720E-02  -1.4820416915E-02  -1.5311018754E-02  -9.4804962674E-03  -2.8727320526E-03
   10      3.1680212759E-01   1.1210616428E-01  -8.6145356147E-04   1.9077237166E-04   1.4022461302E-05
   11      1.1210616428E-01   8.6811826602E-02   5.6659936828E-04   5.1229974208E-04   4.6601230909E-04
   12     -8.6145356147E-04   5.6659936828E-04   4.5309299103E-02   5.2191104915E-03  -1.9983818567E-04
   13      1.9077237166E-04   5.1229974208E-04   5.2191104915E-03   6.9589856609E-03  -2.6708761478E-05
   14      1.4022461302E-05   4.6601230909E-04  -1.9983818567E-04  -2.6708761478E-05   6.2624289371E-03
   15     -3.7762093652E-03  -5.1414274284E-04  -1.9824023107E-02  -2.8506219705E-03   1.0875817254E-04
   16      1.7351164540E-03   2.9751442674E-04  -2.8279142720E-03   1.0758729390E-03   1.4453771902E-05
   17      8.0392684018E-04   4.3419624103E-04   1.0837852268E-04   1.4519276776E-05   1.4541836770E-03
                   15                 16                 17        
     0      2.2805938842E-02   4.4238684307E-03  -1.6904439891E-04
     1      4.4143322854E-03  -9.7470555936E-03  -2.2517059308E-05
     2     -1.6945701330E-04  -2.2618742436E-05  -1.0335447836E-02
     3     -1.5310042266E-02  -8.3185276066E-03   4.9210210458E-03
     4     -1.0115982637E-03   6.1116842337E-05   8.0130585485E-05
     5     -7.4964596353E-04  -6.4612084497E-04   7.0589471571E-04
     6     -1.5909346892E-02  -3.2530604626E-03  -7.5808466492E-03
     7     -1.9547057930E-03  -9.8030704150E-05  -8.4960708608E-04
     8      1.5220337460E-03   3.8306310802E-04   1.4564451311E-03
     9     -1.6732546189E-02   4.8271778057E-03   2.9180932381E-03
    10     -3.7762093652E-03   1.7351164540E-03   8.0392684018E-04
    11     -5.1414274284E-04   2.9751442674E-04   4.3419624103E-04
    12     -1.9824023107E-02  -2.8279142720E-03   1.0837852268E-04
    13     -2.8506219705E-03   1.0758729390E-03   1.4519276776E-05
    14      1.0875817254E-04   1.4453771902E-05   1.4541836770E-03
    15      4.4960538937E-02   5.1472037912E-03  -1.9755406173E-04
    16      5.1472037912E-03   6.9687220173E-03  -2.6292796081E-05
    17     -1.9755406173E-04  -2.6292796081E-05   6.2847210801E-03

$vibrational_frequencies
18
    0        0.000000
    1        0.000000
    2        0.000000
    3        0.000000
    4        0.000000
    5        0.000000
    6     -298.808804
    7      117.226345
    8      168.797996
    9      168.798085
   10      971.321417
   11     1004.163816
   12     1004.166313
   13     1337.983083
   14     1338.013998
   15     3161.902907
   16     3249.228800
   17     3249.257792

$normal_modes
18 18
                    0                  1                  2                  3                  4        
    0      0.0000000000E+00   0.0000000000E+00   0.0000000000E+00   0.0000000000E+00   0.0000000000E+00
    1      0.0000000000E+00   0.0000000000E+00   0.0000000000E+00   0.0000000000E+00   0.0000000000E+00
    2      0.0000000000E+00   0.0000000000E+00   0.0000000000E+00   0.0000000000E+00   0.0000000000E+00
    3      0.0000000000E+00   0.0000000000E+00   0.0000000000E+00   0.0000000000E+00   0.0000000000E+00
    4      0.0000000000E+00   0.0000000000E+00   0.0000000000E+00   0.0000000000E+00   0.0000000000E+00
    5      0.0000000000E+00   0.0000000000E+00   0.0000000000E+00   0.0000000000E+00   0.0000000000E+00
    6      0.0000000000E+00   0.0000000000E+00   0.0000000000E+00   0.0000000000E+00   0.0000000000E+00
    7      0.0000000000E+00   0.0000000000E+00   0.0000000000E+00   0.0000000000E+00   0.0000000000E+00
    8      0.0000000000E+00   0.0000000000E+00   0.0000000000E+00   0.0000000000E+00   0.0000000000E+00
    9      0.0000000000E+00   0.0000000000E+00   0.0000000000E+00   0.0000000000E+00   0.0000000000E+00
   10      0.0000000000E+00   0.0000000000E+00   0.0000000000E+00   0.0000000000E+00   0.0000000000E+00
   11      0.0000000000E+00   0.0000000000E+00   0.0000000000E+00   0.0000000000E+00   0.0000000000E+00
   12      0.0000000000E+00   0.0000000000E+00   0.0000000000E+00   0.0000000000E+00   0.0000000000E+00
   13      0.0000000000E+00   0.0000000000E+00   0.0000000000E+00   0.0000000000E+00   0.0000000000E+00
   14      0.0000000000E+00   0.0000000000E+00   0.0000000000E+00   0.0000000000E+00   0.0000000000E+00
   15      0.0000000000E+00   0.0000000000E+00   0.0000000000E+00   0.0000000000E+00   0.0000000000E+00
   16      0.0000000000E+00   0.0000000000E+00   0.0000000000E+00   0.0000000000E+00   0.0000000000E+00
   17      0.0000000000E+00   0.0000000000E+00   0.0000000000E+00   0.0000000000E+00   0.0000000000E+00
                    5                  6                  7                  8                  9        
    0      0.0000000000E+00  -9.8718901227E-01  -7.9184554783E-04  -6.3535342251E-02  -1.3741722372E-02
    1      0.0000000000E+00  -1.3173792663E-01  -1.0981519738E-03   4.7933034149E-01   8.4500185262E-02
    2      0.0000000000E+00   5.0339510392E-03  -7.4856115834E-05   8.5573993203E-02  -4.8351974218E-01
    3      0.0000000000E+00  -3.4029370999E-02   1.4353091319E-03  -6.4531002013E-02  -1.3024528257E-02
    4      0.0000000000E+00  -5.2138084194E-03   3.5209579634E-03   4.9011933156E-01   8.1854478655E-02
    5      0.0000000000E+00   6.5600305126E-04  -3.4538614405E-03   9.2244008474E-02  -4.9498808971E-01
    6      0.0000000000E+00  -3.4109251123E-02   1.9467556890E-03  -6.5366711751E-02  -1.4844448481E-02
    7      0.0000000000E+00  -4.7026200991E-03   2.3745214000E-05   4.9459616144E-01   8.8432247871E-02
    8      0.0000000000E+00  -6.1875273845E-04   5.3105293646E-03   8.5464481896E-02  -4.9044679950E-01
    9      0.0000000000E+00  -3.4207202742E-02   2.6794864965E-03  -6.5018573736E-02  -1.4310033193E-02
   10      0.0000000000E+00  -3.8732030938E-03  -5.7475876604E-03   4.8645776338E-01   8.9060536884E-02
   11      0.0000000000E+00   4.5671866524E-04  -2.1292359796E-03   8.4933093352E-02  -4.9857118481E-01
   12      0.0000000000E+00   4.7063185359E-02   7.0086578676E-01   3.8242504687E-03   8.2201217852E-04
   13      0.0000000000E+00   6.2809897271E-03   9.3552021476E-02  -2.8525828445E-02  -5.0292158191E-03
   14      0.0000000000E+00  -2.3988610339E-04  -3.5760467608E-03  -5.0938841368E-03   2.8780777390E-02
   15      0.0000000000E+00   4.7186553159E-02  -7.0083898760E-01   3.7375983380E-03   8.1367158369E-04
   16      0.0000000000E+00   6.2974514504E-03  -9.3430584038E-02  -2.8528382540E-02  -5.0287334851E-03
   17      0.0000000000E+00  -2.4049771585E-04   3.5852969216E-03  -5.0918680205E-03   2.8771892003E-02
                   10                 11                 12                 13                 14        
    0      1.1316293293E-02   1.7452202666E-05   2.8258381215E-07   4.5905610358E-03  -1.2131449919E-02
    1      1.5097074134E-03  -1.2761435704E-04  -9.4168775399E-08  -3.7867412780E-02   8.9473994932E-02
    2     -5.7822020462E-05   1.4548837717E-06  -1.2934424354E-04  -9.0291176430E-02  -3.8140714998E-02
    3     -5.7227798544E-01  -6.3677215899E-01   4.9962602682E-01  -6.2558722186E-02   9.4685188503E-03
    4     -7.5931217005E-02  -8.4053070387E-02   6.6829464226E-02   4.8978303249E-01  -8.7239485293E-02
    5      2.6017418431E-03   3.4243581550E-03  -1.5725699086E-03   6.0719170871E-01  -2.0019497145E-01
    6     -5.7217831816E-01  -1.1456642898E-01  -8.0120236281E-01  -2.5495594327E-02   1.0362734761E-01
    7     -7.6260124945E-02  -1.4162893581E-02  -1.0692761936E-01   1.9657825587E-01  -7.7088960693E-01
    8      3.4355744018E-03   5.3553986756E-04   4.8481578853E-03  -8.2904872177E-02   9.5316767362E-02
    9     -5.7218192271E-01   7.5093103398E-01   3.0150911026E-01   3.5059875337E-02   2.6955382230E-02
   10     -7.6810441598E-02   1.0098107042E-01   4.0088943377E-02  -2.4920465249E-01  -1.7479621008E-01
   11      2.7332980057E-03  -3.9740476452E-03  -4.7450445039E-04   5.1808421730E-01   5.4519635172E-01
   12      6.3011563292E-03   2.6236667937E-04  -1.0065109184E-05  -6.8602182568E-06   1.8109765857E-05
   13      8.4062233811E-04  -1.9659018725E-03   1.6306386398E-06   5.6137431211E-05  -1.3272299210E-04
   14     -3.2098732650E-05  -2.9526716691E-06  -1.9833063878E-03   1.3390348829E-04   5.6549449480E-05
   15      6.2634719874E-03  -2.6078121043E-04   1.0572354498E-05  -6.6845563375E-06   1.7660023745E-05
   16      8.3550612583E-04   1.9560165198E-03  -1.5485542310E-06   5.5537950429E-05  -1.3113396930E-04
   17     -3.2095742345E-05   2.9273620609E-06   1.9732989923E-03   1.3226907147E-04   5.5881086627E-05
                   15                 16                 17        
     0      1.1681833768E-04  -1.2087738560E-02  -4.8748656716E-03
     1      3.0873053886E-05   8.9072252888E-02   3.9986875486E-02
     2     -2.1452898371E-05  -4.0279933651E-02   8.9886180233E-02
     3      6.1430311493E-02   8.2963100485E-02  -2.3592876999E-02
     4     -4.5071879911E-01  -6.0905069873E-01   1.7486680943E-01
     5      3.5592134248E-01   4.9263847949E-01  -9.0844683768E-02
     6      7.3037971558E-03  -7.6664893039E-03   8.3751424293E-03
     7     -8.0472647861E-02   6.7524153355E-02  -9.8336878688E-02
     8     -5.7151589818E-01   2.1782684085E-01  -7.7368195807E-01
     9     -7.0210373333E-02   6.7049573213E-02   7.2624391991E-02
    10      5.3077348618E-01  -5.0741110058E-01  -5.4742569689E-01
    11      2.1584543938E-01  -2.3611596939E-01  -1.9400185512E-01
    12      5.2953309639E-05   6.6981784675E-06   2.7154666992E-06
    13      7.2147971151E-06  -4.9258972778E-05  -2.2109036642E-05
    14     -2.4987473760E-07   2.2267998402E-05  -4.9686477487E-05
    15     -5.2283729274E-05   6.7050837078E-06   2.6911597837E-06
    16     -6.8169387449E-06  -4.9383125831E-05  -2.2173305188E-05
    17      2.8754229457E-07   2.2319372167E-05  -4.9810652920E-05

#
# The atoms: label  mass x y z (in bohrs)
#
$atoms
6
 C     12.01100     -3.623369326640     1.945912349258     0.000001496702
 H      1.00800     -3.837060976986     3.516968316816    -1.240588814652
 H      1.00800     -3.648420453821     2.226693617676     1.993360373813
 H      1.00800     -3.378083143939     0.094947970023    -0.752800497650
 I    126.90000      1.282499911984     2.600338517010    -0.025062716436
 I    126.90000     -8.530326728939     1.291341270968     0.025071260962

$actual_temperature
  0.000000

$frequency_scale_factor
  1.000000

$dipole_derivatives
18
    0.0000000000E+00    0.0000000000E+00    0.0000000000E+00
    0.0000000000E+00    0.0000000000E+00    0.0000000000E+00
    0.0000000000E+00    0.0000000000E+00    0.0000000000E+00
    0.0000000000E+00    0.0000000000E+00    0.0000000000E+00
    0.0000000000E+00    0.0000000000E+00    0.0000000000E+00
    0.0000000000E+00    0.0000000000E+00    0.0000000000E+00
    0.0000000000E+00    0.0000000000E+00    0.0000000000E+00
    0.0000000000E+00    0.0000000000E+00    0.0000000000E+00
    0.0000000000E+00    0.0000000000E+00    0.0000000000E+00
    0.0000000000E+00    0.0000000000E+00    0.0000000000E+00
    0.0000000000E+00    0.0000000000E+00    0.0000000000E+00
    0.0000000000E+00    0.0000000000E+00    0.0000000000E+00
    0.0000000000E+00    0.0000000000E+00    0.0000000000E+00
    0.0000000000E+00    0.0000000000E+00    0.0000000000E+00
    0.0000000000E+00    0.0000000000E+00    0.0000000000E+00
    0.0000000000E+00    0.0000000000E+00    0.0000000000E+00
    0.0000000000E+00    0.0000000000E+00    0.0000000000E+00
    0.0000000000E+00    0.0000000000E+00    0.0000000000E+00

#
# The IR spectrum
#  wavenumber T**2 TX TY  TY
#
$ir_spectrum
18
      0.00       0.0000       0.0000       0.0000       0.0000
      0.00       0.0000       0.0000       0.0000       0.0000
      0.00       0.0000       0.0000       0.0000       0.0000
      0.00       0.0000       0.0000       0.0000       0.0000
      0.00       0.0000       0.0000       0.0000       0.0000
      0.00       0.0000       0.0000       0.0000       0.0000
   -298.81       0.0000       0.0000       0.0000       0.0000
    117.23       0.0000       0.0000       0.0000       0.0000
    168.80       0.0000       0.0000       0.0000       0.0000
    168.80       0.0000       0.0000       0.0000       0.0000
    971.32       0.0000       0.0000       0.0000       0.0000
   1004.16       0.0000       0.0000       0.0000       0.0000
   1004.17       0.0000       0.0000       0.0000       0.0000
   1337.98       0.0000       0.0000       0.0000       0.0000
   1338.01       0.0000       0.0000       0.0000       0.0000
   3161.90       0.0000       0.0000       0.0000       0.0000
   3249.23       0.0000       0.0000       0.0000       0.0000
   3249.26       0.0000       0.0000       0.0000       0.0000

$job_list
18
    0    1    1    1
    1    1    1    1
    2    1    1    1
    3    1    1    1
    4    1    1    1
    5    1    1    1


$end

