
$orca_hessian_file

$act_atom
  5

$act_coord
  2

$act_energy
      -11.548149

$hessian
18
                    0                  1                  2                  3                  4        
    0     -2.7010369720E-02  -8.3144423407E-02   3.1179174167E-03  -7.0651232927E-03   3.0278527578E-02
    1     -8.3144423407E-02   5.8528122168E-01   8.8471887758E-04   3.0281995031E-02  -2.2396459503E-01
    2      3.1179174167E-03   8.8471887758E-04   5.9501394659E-01  -2.0090912710E-02   1.4441959939E-01
    3     -7.0651232927E-03   3.0281995031E-02  -2.0090912710E-02   4.1486719640E-02  -2.7831336141E-02
    4      3.0278527578E-02  -2.2396459503E-01   1.4441959939E-01  -2.7831336141E-02   2.3985319994E-01
    5     -2.0078000032E-02   1.4438410617E-01  -1.5513247627E-01   2.1583846520E-02  -1.5662980825E-01
    6     -3.6690692088E-03   5.6190715270E-03   3.9507705416E-03  -8.8175546314E-04  -5.0401240615E-04
    7      5.6210883855E-03  -4.6593055231E-02  -4.1761076254E-02  -3.8646376725E-04   2.7472735468E-03
    8      3.9380750652E-03  -4.1730966434E-02  -3.3587964658E-01   2.3290872983E-04  -2.3410439234E-03
    9     -7.8497177902E-03   3.8410048918E-02   1.3367233822E-02  -1.3233167894E-03   2.6310437129E-03
   10      3.8416577682E-02  -2.9518903609E-01  -1.0349374833E-01   2.4973309251E-03  -2.0058888843E-02
   11      1.3369954869E-02  -1.0348789016E-01  -8.3311574249E-02  -2.0449762712E-03   1.5646153568E-02
   12      2.2801610975E-02   4.4179403532E-03  -1.7037520127E-04  -1.6788812747E-02  -3.5396652273E-03
   13      4.4105858999E-03  -9.7707113435E-03  -2.4483205047E-05   3.8201383833E-03   1.3596586107E-03
   14     -1.7501713768E-04  -2.5349436199E-05  -1.0351904991E-02  -4.6383897980E-03  -1.1813361426E-03
   15      2.2792782852E-02   4.4138908588E-03  -1.7456687701E-04  -1.5427790837E-02  -1.0334430002E-03
   16      4.4106077946E-03  -9.7561451526E-03  -2.4608490665E-05  -8.3783780827E-03   4.2317023693E-05
   17     -1.7293408301E-04  -2.4619526252E-05  -1.0338528558E-02   4.9575174419E-03   8.6482055726E-05
                    5                  6                  7                  8                  9        
    0     -2.0078000032E-02  -3.6690692088E-03   5.6210883855E-03   3.9380750652E-03  -7.8497177902E-03
    1      1.4438410617E-01   5.6190715270E-03  -4.6593055231E-02  -4.1730966434E-02   3.8410048918E-02
    2     -1.5513247627E-01   3.9507705416E-03  -4.1761076254E-02  -3.3587964658E-01   1.3367233822E-02
    3      2.1583846520E-02  -8.8175546314E-04  -3.8646376725E-04   2.3290872983E-04  -1.3233167894E-03
    4     -1.5662980825E-01  -5.0401240615E-04   2.7472735468E-03  -2.3410439234E-03   2.6310437129E-03
    5      1.6473464446E-01  -2.9438935930E-03   2.1400615815E-02  -1.7191028809E-02   1.1138311701E-03
    6     -2.9438935930E-03   3.7789790781E-02  -1.1077091231E-03  -4.4516465871E-03  -1.0046970627E-03
    7      2.1400615815E-02  -1.1077091231E-03   4.7592302494E-02   4.5169971223E-02   2.5399249920E-04
    8     -1.7191028809E-02  -4.4516465871E-03   4.5169971223E-02   3.6067644312E-01   1.4621449250E-04
    9      1.1138311701E-03  -1.0046970627E-03   2.5399249920E-04   1.4621449250E-04   4.2422720349E-02
   10     -8.0578590630E-03   3.6848741971E-04  -3.7953062186E-03  -1.4433304287E-03  -3.6641610695E-02
   11      6.1231306597E-03   3.2982022510E-03  -2.5154999194E-02  -1.0469866476E-02  -1.4687109632E-02
   12      1.0672523187E-03  -1.6201817402E-02  -2.4081630160E-03  -1.3798393816E-03  -1.5375361680E-02
   13     -4.5219470038E-04  -1.0970878893E-03   1.3977429129E-04  -3.7529074504E-05  -9.5136639235E-03
   14      7.5317880144E-04   7.7851268857E-03   1.2020518328E-03   1.4004778729E-03  -2.8800919996E-03
   15     -7.4373838074E-04  -1.6032422219E-02  -1.9723947330E-03   1.5150390694E-03  -1.6869553943E-02
   16     -6.2914392684E-04  -3.2778786512E-03  -9.5465105357E-05   3.5927560461E-04   4.8582836593E-03
   17      7.1264763053E-04  -7.6385558839E-03  -8.5659401927E-04   1.4636317564E-03   2.9399244595E-03
                   10                 11                 12                 13                 14        
    0      3.8416577682E-02   1.3369954869E-02   2.2801610975E-02   4.4105858999E-03  -1.7501713768E-04
    1     -2.9518903609E-01  -1.0348789016E-01   4.4179403532E-03  -9.7707113435E-03  -2.5349436199E-05
    2     -1.0349374833E-01  -8.3311574249E-02  -1.7037520127E-04  -2.4483205047E-05  -1.0351904991E-02
    3      2.4973309251E-03  -2.0449762712E-03  -1.6788812747E-02   3.8201383833E-03  -4.6383897980E-03
    4     -2.0058888843E-02   1.5646153568E-02  -3.5396652273E-03   1.3596586107E-03  -1.1813361426E-03
    5     -8.0578590630E-03   6.1231306597E-03   1.0672523187E-03  -4.5219470038E-04   7.5317880144E-04
    6      3.6848741971E-04   3.2982022510E-03  -1.6201817402E-02  -1.0970878893E-03   7.7851268857E-03
    7     -3.7953062186E-03  -2.5154999194E-02  -2.4081630160E-03   1.3977429129E-04   1.2020518328E-03
    8     -1.4433304287E-03  -1.0469866476E-02  -1.3798393816E-03  -3.7529074504E-05   1.4004778729E-03
    9     -3.6641610695E-02  -1.4687109632E-02  -1.5375361680E-02  -9.5136639235E-03  -2.8800919996E-03
   10      3.1707476069E-01   1.1217478933E-01  -8.5101369551E-04   2.1828762348E-04   1.4804651538E-05
   11      1.1217478933E-01   8.6747407384E-02   5.7460425170E-04   5.2438906549E-04   4.6872657872E-04
   12     -8.5101369551E-04   5.7460425170E-04   4.5539843692E-02   5.2268899109E-03  -2.0345536203E-04
   13      2.1828762348E-04   5.2438906549E-04   5.2268899109E-03   6.9656022414E-03  -2.4847856592E-05
   14      1.4804651538E-05   4.6872657872E-04  -2.0345536203E-04  -2.4847856592E-05   6.2645342836E-03
   15     -3.7897884428E-03  -5.1079425198E-04  -1.9974550367E-02  -2.8467169332E-03   1.1182399700E-04
   16      1.7678722559E-03   3.0511609849E-04  -2.8627796780E-03   1.0849090615E-03   1.4753414348E-05
   17      8.0532770190E-04   4.4226485433E-04   1.1181591169E-04   1.4666134458E-05   1.4649814554E-03
                   15                 16                 17        
     0      2.2792782852E-02   4.4106077946E-03  -1.7293408301E-04
     1      4.4138908588E-03  -9.7561451526E-03  -2.4619526252E-05
     2     -1.7456687701E-04  -2.4608490665E-05  -1.0338528558E-02
     3     -1.5427790837E-02  -8.3783780827E-03   4.9575174419E-03
     4     -1.0334430002E-03   4.2317023693E-05   8.6482055726E-05
     5     -7.4373838074E-04  -6.2914392684E-04   7.1264763053E-04
     6     -1.6032422219E-02  -3.2778786512E-03  -7.6385558839E-03
     7     -1.9723947330E-03  -9.5465105357E-05  -8.5659401927E-04
     8      1.5150390694E-03   3.5927560461E-04   1.4636317564E-03
     9     -1.6869553943E-02   4.8582836593E-03   2.9399244595E-03
    10     -3.7897884428E-03   1.7678722559E-03   8.0532770190E-04
    11     -5.1079425198E-04   3.0511609849E-04   4.4226485433E-04
    12     -1.9974550367E-02  -2.8627796780E-03   1.1181591169E-04
    13     -2.8467169332E-03   1.0849090615E-03   1.4666134458E-05
    14      1.1182399700E-04   1.4753414348E-05   1.4649814554E-03
    15      4.5510485208E-02   5.2500282737E-03  -1.9776203064E-04
    16      5.2500282737E-03   6.9591341690E-03  -2.5392521632E-05
    17     -1.9776203064E-04  -2.5392521632E-05   6.2549968045E-03

$vibrational_frequencies
18
    0        0.000000
    1        0.000000
    2        0.000000
    3        0.000000
    4        0.000000
    5        0.000000
    6     -299.009169
    7      117.713604
    8      168.751414
    9      168.813324
   10      973.316623
   11     1006.329639
   12     1006.689621
   13     1337.073219
   14     1339.009615
   15     3161.787654
   16     3248.281232
   17     3249.924993

$normal_modes
18 18
                    0                  1                  2                  3                  4        
    0      0.0000000000E+00   0.0000000000E+00   0.0000000000E+00   0.0000000000E+00   0.0000000000E+00
    1      0.0000000000E+00   0.0000000000E+00   0.0000000000E+00   0.0000000000E+00   0.0000000000E+00
    2      0.0000000000E+00   0.0000000000E+00   0.0000000000E+00   0.0000000000E+00   0.0000000000E+00
    3      0.0000000000E+00   0.0000000000E+00   0.0000000000E+00   0.0000000000E+00   0.0000000000E+00
    4      0.0000000000E+00   0.0000000000E+00   0.0000000000E+00   0.0000000000E+00   0.0000000000E+00
    5      0.0000000000E+00   0.0000000000E+00   0.0000000000E+00   0.0000000000E+00   0.0000000000E+00
    6      0.0000000000E+00   0.0000000000E+00   0.0000000000E+00   0.0000000000E+00   0.0000000000E+00
    7      0.0000000000E+00   0.0000000000E+00   0.0000000000E+00   0.0000000000E+00   0.0000000000E+00
    8      0.0000000000E+00   0.0000000000E+00   0.0000000000E+00   0.0000000000E+00   0.0000000000E+00
    9      0.0000000000E+00   0.0000000000E+00   0.0000000000E+00   0.0000000000E+00   0.0000000000E+00
   10      0.0000000000E+00   0.0000000000E+00   0.0000000000E+00   0.0000000000E+00   0.0000000000E+00
   11      0.0000000000E+00   0.0000000000E+00   0.0000000000E+00   0.0000000000E+00   0.0000000000E+00
   12      0.0000000000E+00   0.0000000000E+00   0.0000000000E+00   0.0000000000E+00   0.0000000000E+00
   13      0.0000000000E+00   0.0000000000E+00   0.0000000000E+00   0.0000000000E+00   0.0000000000E+00
   14      0.0000000000E+00   0.0000000000E+00   0.0000000000E+00   0.0000000000E+00   0.0000000000E+00
   15      0.0000000000E+00   0.0000000000E+00   0.0000000000E+00   0.0000000000E+00   0.0000000000E+00
   16      0.0000000000E+00   0.0000000000E+00   0.0000000000E+00   0.0000000000E+00   0.0000000000E+00
   17      0.0000000000E+00   0.0000000000E+00   0.0000000000E+00   0.0000000000E+00   0.0000000000E+00
                    5                  6                  7                  8                  9        
    0      0.0000000000E+00  -9.8731507726E-01   1.6560653359E-04  -2.0997922397E-02  -6.1322509633E-02
    1      0.0000000000E+00  -1.3145129114E-01  -4.0158191995E-04   1.3906446577E-01   4.6642655241E-01
    2      0.0000000000E+00   5.1902109663E-03  -4.6611645308E-04  -4.7040490434E-01   1.4062692849E-01
    3      0.0000000000E+00  -3.4010780690E-02  -4.0776272668E-04  -2.0762977620E-02  -6.2754347641E-02
    4      0.0000000000E+00  -4.1437237044E-03   3.8567878123E-03   1.3793308415E-01   4.7753026378E-01
    5      0.0000000000E+00   2.2606027692E-04  -3.8664704254E-03  -4.8069650954E-01   1.4870432694E-01
    6      0.0000000000E+00  -3.4531227756E-02   7.3287775768E-07  -2.1822052705E-02  -6.3291789499E-02
    7      0.0000000000E+00  -4.3203809979E-03   3.2692919145E-04   1.4432496333E-01   4.8101471722E-01
    8      0.0000000000E+00   5.0263575725E-04   4.9567178817E-03  -4.7726592715E-01   1.4134516273E-01
    9      0.0000000000E+00  -3.1322202299E-02   1.3055158298E-03  -2.1778321285E-02  -6.2550139196E-02
   10      0.0000000000E+00  -4.0736095743E-03  -5.3832285681E-03   1.4464522623E-01   4.7307135990E-01
   11      0.0000000000E+00   2.5200287049E-04  -2.5296407892E-03  -4.8602536272E-01   1.4158826546E-01
   12      0.0000000000E+00   4.7129875804E-02   7.0086020646E-01   1.2352765142E-03   3.6748817702E-03
   13      0.0000000000E+00   6.2662608894E-03   9.3402630065E-02  -8.2794681913E-03  -2.7758985905E-02
   14      0.0000000000E+00  -2.5297614092E-04  -3.6181030871E-03   2.7999832357E-02  -8.3703844071E-03
   15      0.0000000000E+00   4.7112082569E-02  -7.0088301792E-01   1.2634177674E-03   3.6273224044E-03
   16      0.0000000000E+00   6.2751061234E-03  -9.3355092570E-02  -8.2738950733E-03  -2.7759679127E-02
   17      0.0000000000E+00  -2.4606379928E-04   3.6736541761E-03   2.7993650762E-02  -8.3684721352E-03
                   10                 11                 12                 13                 14        
    0      1.1187471703E-02   8.8018878960E-05  -3.4818977522E-04   4.2767034668E-03   1.2240241553E-02
    1      1.5082914572E-03  -1.4694499323E-05  -1.4166949733E-04  -2.8472641789E-02  -9.2851240614E-02
    2     -4.7313622695E-05   7.8477383350E-05  -2.9864343452E-05   9.3777166734E-02  -2.8747602043E-02
    3     -5.6752603174E-01   6.6810577443E-01   4.6246887676E-01   4.0554294466E-02  -4.8319287072E-02
    4     -7.5815317176E-02   8.9049303219E-02   6.1900843339E-02  -3.1919244635E-01   3.8086136129E-01
    5      2.9299524944E-03  -3.6689495631E-03  -2.1956314707E-03  -3.3704634011E-01   5.4380239909E-01
    6     -5.6403510229E-01  -7.3010308171E-01   3.6212059472E-01  -4.5593504197E-02  -9.6496770465E-02
    7     -7.5290297690E-02  -9.7190386335E-02   4.8618400731E-02   3.4464698567E-01   7.1690951374E-01
    8      2.7787191096E-03   3.5779229875E-03  -1.8410199029E-03   2.0185369027E-03  -1.2682891311E-01
    9     -5.8485903288E-01   5.5832769714E-02  -7.9839784370E-01  -4.4289761771E-02   3.3979384794E-03
   10     -7.7900918757E-02   7.5326753478E-03  -1.0641182521E-01   3.0316891183E-01  -2.6001043010E-02
   11      3.0258995981E-03  -5.1663903600E-04   4.1159977620E-03  -7.4733577200E-01  -8.5130057185E-02
   12      6.2867070300E-03  -7.0018488027E-05  -3.3113234819E-04  -6.4682957736E-06  -1.7427868870E-05
   13      8.6346659134E-04   6.0318791511E-04   1.8599867725E-03   4.2156254340E-05   1.3696657519E-04
   14     -1.7335091612E-05  -1.8846696435E-03   6.0834322664E-04  -1.3869672846E-04   4.2361635014E-05
   15      6.2883820608E-03   1.1065409966E-04   1.5604130473E-04  -6.4858576193E-06  -1.7781565946E-05
   16      8.1283362300E-04  -5.9696434805E-04  -1.8792041554E-03   4.2417912434E-05   1.3799213514E-04
   17     -4.7567696800E-05   1.8820686591E-03  -6.0614685572E-04  -1.3975138686E-04   4.2660208264E-05
                   15                 16                 17        
     0     -8.6088875095E-05  -4.4949124408E-03   1.2241317580E-02
     1      4.6102437424E-04   3.0117581401E-02  -9.2927978357E-02
     2      2.5651037085E-04  -9.3618936768E-02  -3.0479229663E-02
     3      6.2202333394E-02   7.4125150260E-02  -4.5942039410E-02
     4     -4.5182626181E-01  -5.3928014170E-01   3.3204931922E-01
     5      3.5655500528E-01   3.9781666171E-01  -3.0203573391E-01
     6      7.9828493381E-03  -1.2335818364E-02  -3.7665676007E-04
     7     -8.0934847633E-02   1.1865506227E-01   1.5742555851E-02
     8     -5.7394740944E-01   7.1893346701E-01   3.5473241515E-01
     9     -6.9144961156E-02  -8.8610985840E-03  -9.7837005820E-02
    10      5.2733709371E-01   6.5972719373E-02   7.4650200951E-01
    11      2.1437559407E-01  -1.4320101069E-02   3.0622240186E-01
    12      5.2799490755E-05   2.5589096174E-06  -6.4889863860E-06
    13      6.7508682456E-06  -1.6742698546E-05   5.1647475385E-05
    14     -4.4019287365E-07   5.2015057936E-05   1.6908074652E-05
    15     -5.2913989336E-05   2.4586959561E-06  -7.0769540538E-06
    16     -7.3021361232E-06  -1.6769446982E-05   5.1659950847E-05
    17      1.2497228031E-07   5.2063599611E-05   1.6942135883E-05

#
# The atoms: label  mass x y z (in bohrs)
#
$atoms
6
 C     12.01100      0.000510995010    -0.000467914277    -0.000316654180
 H      1.00800     -0.215990314729     1.571716209960    -1.239113756790
 H      1.00800     -0.027455277582     0.281875892047     1.992915635839
 H      1.00800      0.243217707773    -1.851735138488    -0.752676698268
 I    126.90000      4.902603481399     0.652515457391    -0.025904807943
 I    126.90000     -4.902886591872    -0.653904506633     0.025096281343

$actual_temperature
  0.000000

$frequency_scale_factor
  1.000000

$dipole_derivatives
18
    0.0000000000E+00    0.0000000000E+00    0.0000000000E+00
    0.0000000000E+00    0.0000000000E+00    0.0000000000E+00
    0.0000000000E+00    0.0000000000E+00    0.0000000000E+00
    0.0000000000E+00    0.0000000000E+00    0.0000000000E+00
    0.0000000000E+00    0.0000000000E+00    0.0000000000E+00
    0.0000000000E+00    0.0000000000E+00    0.0000000000E+00
    0.0000000000E+00    0.0000000000E+00    0.0000000000E+00
    0.0000000000E+00    0.0000000000E+00    0.0000000000E+00
    0.0000000000E+00    0.0000000000E+00    0.0000000000E+00
    0.0000000000E+00    0.0000000000E+00    0.0000000000E+00
    0.0000000000E+00    0.0000000000E+00    0.0000000000E+00
    0.0000000000E+00    0.0000000000E+00    0.0000000000E+00
    0.0000000000E+00    0.0000000000E+00    0.0000000000E+00
    0.0000000000E+00    0.0000000000E+00    0.0000000000E+00
    0.0000000000E+00    0.0000000000E+00    0.0000000000E+00
    0.0000000000E+00    0.0000000000E+00    0.0000000000E+00
    0.0000000000E+00    0.0000000000E+00    0.0000000000E+00
    0.0000000000E+00    0.0000000000E+00    0.0000000000E+00

#
# The IR spectrum
#  wavenumber T**2 TX TY  TY
#
$ir_spectrum
18
      0.00       0.0000       0.0000       0.0000       0.0000
      0.00       0.0000       0.0000       0.0000       0.0000
      0.00       0.0000       0.0000       0.0000       0.0000
      0.00       0.0000       0.0000       0.0000       0.0000
      0.00       0.0000       0.0000       0.0000       0.0000
      0.00       0.0000       0.0000       0.0000       0.0000
   -299.01       0.0000       0.0000       0.0000       0.0000
    117.71       0.0000       0.0000       0.0000       0.0000
    168.75       0.0000       0.0000       0.0000       0.0000
    168.81       0.0000       0.0000       0.0000       0.0000
    973.32       0.0000       0.0000       0.0000       0.0000
   1006.33       0.0000       0.0000       0.0000       0.0000
   1006.69       0.0000       0.0000       0.0000       0.0000
   1337.07       0.0000       0.0000       0.0000       0.0000
   1339.01       0.0000       0.0000       0.0000       0.0000
   3161.79       0.0000       0.0000       0.0000       0.0000
   3248.28       0.0000       0.0000       0.0000       0.0000
   3249.92       0.0000       0.0000       0.0000       0.0000

$job_list
18
    0    1    1    1
    1    1    1    1
    2    1    1    1
    3    1    1    1
    4    1    1    1
    5    1    1    1


$end

