{"scheme":["R(g) -> TS#(g) -> P(g)","P(g) -> TS#(g) -> P(g)","R(g) -> TS#(g) -> R(g)","P(g) -> TS#(g) -> R(g)"],"compounds":{"R(g)":{"energy":-30337264.158479735,"hessian":[[0.1916719414,-0.043787874621,0.0014960469782,-0.068684092806,0.075730509457,-0.061473967497,-0.051404436154,0.0095136822221,0.075938211954,-0.034077035133,-0.039031930377,-0.016020661243,-0.045506542496,-0.0037969489767,0.00012942464647,0.0080001290645,0.0013725727283,-6.904223425e-05],[-0.043787874621,0.51195927731,0.0001426869308,0.082431353866,-0.17701274256,0.11323217966,0.010699785672,-0.043799532784,-0.024588830254,-0.046915708706,-0.27112602692,-0.088797267017,-0.0038147881503,-0.017730934346,1.892887559e-05,0.0013872440652,-0.002290340137,-7.6966832876e-06],[0.0014960469782,0.0001426869308,0.51801424145,-0.066682227454,0.11255932048,-0.13577121132,0.084295841086,-0.023458025608,-0.28628351597,-0.019167808297,-0.089254908593,-0.076259772976,0.00011804263424,1.7314823488e-05,-0.017223923322,-5.9897469179e-05,-6.4018859911e-06,-0.0024761161133],[-0.068684092806,0.082431353866,-0.066682227454,0.085953471091,-0.081560110092,0.067484574042,0.0045626508223,-0.005580668221,0.0043320187427,0.0030387290102,-0.0019712203293,0.0025251595172,-0.020130185969,0.0081394711561,-0.0083525812743,-0.0047405519347,-0.0014588383712,0.00069305818852],[0.075730509457,-0.17701274256,0.11255932048,-0.081560110092,0.19678757825,-0.12671756015,-0.0010005388903,0.0014286838266,-0.0004095702118,0.010561533101,-0.02407687392,0.017078178568,-0.003905329762,0.0027126337858,-0.0022265936303,0.00017391281842,0.00016083871178,-0.0002837427611],[-0.061473967497,0.11323217966,-0.13577121132,0.067484574042,-0.12671756015,0.14910460418,-0.0104367166,0.022159780712,-0.020830641253,0.0040119616976,-0.007201852915,0.0061921189254,0.00099568328904,-0.0010276928886,0.0012414414612,-0.00058152074716,-0.0004448031644,6.3808139426e-05],[-0.051404436154,0.010699785672,0.084295841086,0.0045626508223,-0.0010005388903,-0.0104367166,0.067880456249,-0.00861901517,-0.083072455594,0.0026779131643,0.0002894335519,-0.0036681292525,-0.018962356066,-0.00062616071813,0.01385854164,-0.004754234599,-0.00074351375545,-0.00097708198536],[0.0095136822221,-0.043799532784,-0.023458025608,-0.005580668221,0.0014286838266,0.022159780712,-0.00861901517,0.046800994251,0.027713408273,0.0079084057114,-0.004421226927,-0.028566424955,-0.0027651242999,0.00028143155929,0.0021772614344,-0.00045729211142,-0.00029026919356,-2.6025797657e-05],[0.075938211954,-0.024588830254,-0.28628351597,0.0043320187427,-0.0004095702118,-0.020830641253,-0.083072455594,0.027713408273,0.31718880103,0.0028860397457,-0.0031159032824,-0.013101030869,-0.001146778664,0.00015384402571,0.00250936741,0.0010629425746,0.00024706418744,0.00051709125153],[-0.034077035133,-0.046915708706,-0.019167808297,0.0030387290102,0.010561533101,0.0040119616976,0.0026779131643,0.0079084057114,0.0028860397457,0.050262728191,0.043865370399,0.01713952973,-0.017221807399,-0.015675725409,-0.0052325153893,-0.004680568773,0.00025613689397,0.00036279780948],[-0.039031930377,-0.27112602692,-0.089254908593,-0.0019712203293,-0.02407687392,-0.007201852915,0.0002894335519,-0.004421226927,-0.0031159032824,0.043865370399,0.29895062348,0.099168535744,-0.0014827773026,0.000341925056,8.4025520584e-05,-0.0016688670963,0.00033167231835,0.00032009811752],[-0.016020661243,-0.088797267017,-0.076259772976,0.0025251595172,0.017078178568,0.0061921189254,-0.0036681292525,-0.028566424955,-0.013101030869,0.01713952973,0.099168535744,0.082602181013,0.00043048902859,0.00090938294549,0.00068555525162,-0.00040637820126,0.00020754004469,-0.00011895173152],[-0.045506542496,-0.0038147881503,0.00011804263424,-0.020130185969,-0.003905329762,0.00099568328904,-0.018962356066,-0.0027651242999,-0.001146778664,-0.017221807399,-0.0014827773026,0.00043048902859,0.11361444048,0.013654876597,-0.000468437436,-0.011793754146,-0.0016868535678,7.0980719468e-05],[-0.0037969489767,-0.017730934346,1.7314823488e-05,0.0081394711561,0.0027126337858,-0.0010276928886,-0.00062616071813,0.00028143155929,0.00015384402571,-0.015675725409,0.000341925056,0.00090938294549,0.013654876597,0.013697132865,-6.1750564386e-05,-0.0016955501786,0.00069782371623,8.8990151188e-06],[0.00012942464647,1.892887559e-05,-0.017223923322,-0.0083525812743,-0.0022265936303,0.0012414414612,0.01385854164,0.0021772614344,0.00250936741,-0.0052325153893,8.4025520584e-05,0.00068555525162,-0.000468437436,-6.1750564386e-05,0.011863497828,6.5569759837e-05,8.1327386605e-06,0.00092407071824],[0.0080001290645,0.0013872440652,-5.9897469179e-05,-0.0047405519347,0.00017391281842,-0.00058152074716,-0.004754234599,-0.00045729211142,0.0010629425746,-0.004680568773,-0.0016688670963,-0.00040637820126,-0.011793754146,-0.0016955501786,6.5569759837e-05,0.017969249419,0.002260547869,-8.0714445183e-05],[0.0013725727283,-0.002290340137,-6.4018859911e-06,-0.0014588383712,0.00016083871178,-0.0004448031644,-0.00074351375545,-0.00029026919356,0.00024706418744,0.00025613689397,0.00033167231835,0.00020754004469,-0.0016868535678,0.00069782371623,8.1327386605e-06,0.002260547869,0.0013902694944,-1.1531725462e-05],[-6.904223425e-05,-7.6966832876e-06,-0.0024761161133,0.00069305818852,-0.0002837427611,6.3808139426e-05,-0.00097708198536,-2.6025797657e-05,0.00051709125153,0.00036279780948,0.00032009811752,-0.00011895173152,7.0980719468e-05,8.8990151188e-06,0.00092407071824,-8.0714445183e-05,-1.1531725462e-05,0.001090095286]],"logfile":"R/opt+numfreq.out","mult":1,"atomnos":[6,1,1,1,53,53],"atomcoords":[[-1.60095194938811,1.07157105545889,-0.00184970989918],[-2.02445292473484,1.83336888432072,-0.63544942269628],[-1.92825380860275,1.17294207387406,1.01977277511592],[-1.78809047721331,0.08221735518133,-0.38575742505141],[0.57713896315768,1.36355203637476,-0.01208132253904],[-4.73692980321867,0.65512859479025,0.01535510506998]],"atommasses":[12.011,1.008,1.008,1.008,126.90447,126.90447],"vibfreqs":[82.37,104.13,104.26,421.77,913.61,913.84,1243.73,1433.54,1433.72,3098.04,3126.35,3126.7]},"TS#(g)":{"energy":-30319661.693899475,"hessian":[[-0.02701036972,-0.083144423407,0.0031179174167,-0.0070651232927,0.030278527578,-0.020078000032,-0.0036690692088,0.0056210883855,0.0039380750652,-0.0078497177902,0.038416577682,0.013369954869,0.022801610975,0.0044105858999,-0.00017501713768,0.022792782852,0.0044106077946,-0.00017293408301],[-0.083144423407,0.58528122168,0.00088471887758,0.030281995031,-0.22396459503,0.14438410617,0.005619071527,-0.046593055231,-0.041730966434,0.038410048918,-0.29518903609,-0.10348789016,0.0044179403532,-0.0097707113435,-2.5349436199e-05,0.0044138908588,-0.0097561451526,-2.4619526252e-05],[0.0031179174167,0.00088471887758,0.59501394659,-0.02009091271,0.14441959939,-0.15513247627,0.0039507705416,-0.041761076254,-0.33587964658,0.013367233822,-0.10349374833,-0.083311574249,-0.00017037520127,-2.4483205047e-05,-0.010351904991,-0.00017456687701,-2.4608490665e-05,-0.010338528558],[-0.0070651232927,0.030281995031,-0.02009091271,0.04148671964,-0.027831336141,0.02158384652,-0.00088175546314,-0.00038646376725,0.00023290872983,-0.0013233167894,0.0024973309251,-0.0020449762712,-0.016788812747,0.0038201383833,-0.004638389798,-0.015427790837,-0.0083783780827,0.0049575174419],[0.030278527578,-0.22396459503,0.14441959939,-0.027831336141,0.23985319994,-0.15662980825,-0.00050401240615,0.0027472735468,-0.0023410439234,0.0026310437129,-0.020058888843,0.015646153568,-0.0035396652273,0.0013596586107,-0.0011813361426,-0.0010334430002,4.2317023693e-05,8.6482055726e-05],[-0.020078000032,0.14438410617,-0.15513247627,0.02158384652,-0.15662980825,0.16473464446,-0.002943893593,0.021400615815,-0.017191028809,0.0011138311701,-0.008057859063,0.0061231306597,0.0010672523187,-0.00045219470038,0.00075317880144,-0.00074373838074,-0.00062914392684,0.00071264763053],[-0.0036690692088,0.005619071527,0.0039507705416,-0.00088175546314,-0.00050401240615,-0.002943893593,0.037789790781,-0.0011077091231,-0.0044516465871,-0.0010046970627,0.00036848741971,0.003298202251,-0.016201817402,-0.0010970878893,0.0077851268857,-0.016032422219,-0.0032778786512,-0.0076385558839],[0.0056210883855,-0.046593055231,-0.041761076254,-0.00038646376725,0.0027472735468,0.021400615815,-0.0011077091231,0.047592302494,0.045169971223,0.0002539924992,-0.0037953062186,-0.025154999194,-0.002408163016,0.00013977429129,0.0012020518328,-0.001972394733,-9.5465105357e-05,-0.00085659401927],[0.0039380750652,-0.041730966434,-0.33587964658,0.00023290872983,-0.0023410439234,-0.017191028809,-0.0044516465871,0.045169971223,0.36067644312,0.0001462144925,-0.0014433304287,-0.010469866476,-0.0013798393816,-3.7529074504e-05,0.0014004778729,0.0015150390694,0.00035927560461,0.0014636317564],[-0.0078497177902,0.038410048918,0.013367233822,-0.0013233167894,0.0026310437129,0.0011138311701,-0.0010046970627,0.0002539924992,0.0001462144925,0.042422720349,-0.036641610695,-0.014687109632,-0.01537536168,-0.0095136639235,-0.0028800919996,-0.016869553943,0.0048582836593,0.0029399244595],[0.038416577682,-0.29518903609,-0.10349374833,0.0024973309251,-0.020058888843,-0.008057859063,0.00036848741971,-0.0037953062186,-0.0014433304287,-0.036641610695,0.31707476069,0.11217478933,-0.00085101369551,0.00021828762348,1.4804651538e-05,-0.0037897884428,0.0017678722559,0.0008053277019],[0.013369954869,-0.10348789016,-0.083311574249,-0.0020449762712,0.015646153568,0.0061231306597,0.003298202251,-0.025154999194,-0.010469866476,-0.014687109632,0.11217478933,0.086747407384,0.0005746042517,0.00052438906549,0.00046872657872,-0.00051079425198,0.00030511609849,0.00044226485433],[0.022801610975,0.0044179403532,-0.00017037520127,-0.016788812747,-0.0035396652273,0.0010672523187,-0.016201817402,-0.002408163016,-0.0013798393816,-0.01537536168,-0.00085101369551,0.0005746042517,0.045539843692,0.0052268899109,-0.00020345536203,-0.019974550367,-0.002862779678,0.00011181591169],[0.0044105858999,-0.0097707113435,-2.4483205047e-05,0.0038201383833,0.0013596586107,-0.00045219470038,-0.0010970878893,0.00013977429129,-3.7529074504e-05,-0.0095136639235,0.00021828762348,0.00052438906549,0.0052268899109,0.0069656022414,-2.4847856592e-05,-0.0028467169332,0.0010849090615,1.4666134458e-05],[-0.00017501713768,-2.5349436199e-05,-0.010351904991,-0.004638389798,-0.0011813361426,0.00075317880144,0.0077851268857,0.0012020518328,0.0014004778729,-0.0028800919996,1.4804651538e-05,0.00046872657872,-0.00020345536203,-2.4847856592e-05,0.0062645342836,0.000111823997,1.4753414348e-05,0.0014649814554],[0.022792782852,0.0044138908588,-0.00017456687701,-0.015427790837,-0.0010334430002,-0.00074373838074,-0.016032422219,-0.001972394733,0.0015150390694,-0.016869553943,-0.0037897884428,-0.00051079425198,-0.019974550367,-0.0028467169332,0.000111823997,0.045510485208,0.0052500282737,-0.00019776203064],[0.0044106077946,-0.0097561451526,-2.4608490665e-05,-0.0083783780827,4.2317023693e-05,-0.00062914392684,-0.0032778786512,-9.5465105357e-05,0.00035927560461,0.0048582836593,0.0017678722559,0.00030511609849,-0.002862779678,0.0010849090615,1.4753414348e-05,0.0052500282737,0.006959134169,-2.5392521632e-05],[-0.00017293408301,-2.4619526252e-05,-0.010338528558,0.0049575174419,8.6482055726e-05,0.00071264763053,-0.0076385558839,-0.00085659401927,0.0014636317564,0.0029399244595,0.0008053277019,0.00044226485433,0.00011181591169,1.4666134458e-05,0.0014649814554,-0.00019776203064,-2.5392521632e-05,0.0062549968045]],"logfile":"TS/OptTS/optts+numfreq.out","mult":1,"atomnos":[6,1,1,1,53,53],"atomcoords":[[0.00027040691311,-0.00024760957089,-0.00016756617471],[-0.11429715176826,0.83171639622624,-0.65571075858445],[-0.0145287071439,0.14916229764072,1.05460553255046],[0.12870526760838,-0.97989603109595,-0.39829935394217],[2.59434602368875,0.34529630811456,-0.01370823394878],[-2.59449583929809,-0.34603136131468,0.01328038009965]],"atommasses":[12.011,1.008,1.008,1.008,126.90447,126.90447],"vibfreqs":[-299.01,117.71,168.75,168.81,973.32,1006.33,1006.69,1337.07,1339.01,3161.79,3248.28,3249.92]},"P(g)":{"energy":-30337264.167196397,"hessian":[[0.19127780435,-0.043401073087,0.001793793818,-0.035439281454,-0.036082214056,0.028641334028,-0.047145035123,-0.01056115128,-0.069128282291,-0.071320431493,0.092377902455,0.038587788412,0.0080179176792,0.0014091994499,-4.7624239576e-05,-0.045391012615,-0.0037426450386,0.00015297660039],[-0.043401073087,0.51212620926,0.00012844297496,-0.042776731994,-0.20928615446,0.12597905848,-0.011749399232,-0.049543430067,-0.043833896992,0.10025813007,-0.23329530742,-0.082289778457,0.0014020280916,-0.0022845047633,-5.6593751228e-06,-0.0037329418558,-0.017717096973,2.1831837103e-05],[0.001793793818,0.00012844297496,0.51821400365,0.033841598356,0.12662717339,-0.13680013217,-0.07747436981,-0.044944128024,-0.28486246239,0.041731865382,-0.081827899551,-0.076850246913,-5.2035468653e-05,-6.2844255975e-06,-0.0024747038175,0.00015914916463,2.2709221853e-05,-0.017226753517],[-0.035439281454,-0.042776731994,0.033841598356,0.051627725582,0.040791050786,-0.030940281027,0.0026743471025,0.0061529171621,-0.004308489811,0.0032592533387,0.0093372346832,-0.0068992765392,-0.004710533338,0.00012883959479,-0.00054286223094,-0.017411550408,-0.013633305098,0.0088493020455],[-0.036082214056,-0.20928615446,0.12662717339,0.040791050786,0.23010402864,-0.14055370582,0.001332715834,0.0033431350994,-0.0015840114526,-0.0029489397379,-0.024374033312,0.015887643116,-0.0015030597695,0.00014857329869,-0.00043952998273,-0.0015895480549,6.4564791799e-05,6.2462378296e-05],[0.028641334028,0.12597905848,-0.13680013217,-0.030940281027,-0.14055370582,0.15014643113,0.0040219194481,0.02402130605,-0.020840699131,-0.0019486780501,-0.0080534648396,0.0062693211917,0.00072779133827,-0.00027829077909,6.2506017515e-05,-0.00050209971567,-0.0011148466793,0.0011626928014],[-0.047145035123,-0.011749399232,-0.07747436981,0.0026743471025,0.001332715834,0.0040219194481,0.063482243111,0.01332498914,0.075329650094,0.0043514932072,0.0020482469553,0.010856930535,-0.0047300236333,-0.00046246817022,0.0010004659891,-0.018633040052,-0.0044940898955,-0.013734590188],[-0.01056115128,-0.049543430067,-0.044944128024,0.0061529171621,0.0033431350994,0.02402130605,0.01332498914,0.052723075289,0.048747228291,-0.0058109620177,-0.0060457815968,-0.026553771002,-0.00075026820277,-0.00029245273572,0.00023955291935,-0.0023555320345,-0.00018446783736,-0.0015102133703],[-0.069128282291,-0.043833896992,-0.28486246239,-0.004308489811,-0.0015840114526,-0.020840699131,0.075329650094,0.048747228291,0.31569932664,-0.0021306091394,-0.0037915111734,-0.013146615328,-0.0010361909461,-3.3662711406e-05,0.00051749820259,0.001273943771,0.00049584267374,0.002633023072],[-0.071320431493,0.10025813007,0.041731865382,0.0032592533387,-0.0029489397379,-0.0019486780501,0.0043514932072,-0.0058109620177,-0.0021306091394,0.088709082229,-0.099940564378,-0.042488167069,-0.0047004774891,-0.0016152407452,-0.00038369308847,-0.02029889775,0.010057571586,0.0052192793088],[0.092377902455,-0.23329530742,-0.081827899551,0.0093372346832,-0.024374033312,-0.0080534648396,0.0020482469553,-0.0060457815968,-0.0037915111734,-0.099940564378,0.25989219677,0.091971978727,0.00030704670755,0.00034427267334,0.00020969003666,-0.0041298924876,0.003478744711,0.0014911993348],[0.038587788412,-0.082289778457,-0.076850246913,-0.0068992765392,0.015887643116,0.0062693211917,0.010856930535,-0.026553771002,-0.013146615328,-0.042488167069,0.091971978727,0.083211124668,0.00038389177189,0.00032189069833,-0.00011980007214,-0.00044117505393,0.00066198266769,0.00063631599621],[0.0080179176792,0.0014020280916,-5.2035468653e-05,-0.004710533338,-0.0015030597695,0.00072779133827,-0.0047300236333,-0.00075026820277,-0.0010361909461,-0.0047004774891,0.00030704670755,0.00038389177189,0.017904632494,0.0022369983087,-8.9523453084e-05,-0.011781248788,-0.001692749349,6.6065708888e-05],[0.0014091994499,-0.0022845047633,-6.2844255975e-06,0.00012883959479,0.00014857329869,-0.00027829077909,-0.00046246817022,-0.00029245273572,-3.3662711406e-05,-0.0016152407452,0.00034427267334,0.00032189069833,0.0022369983087,0.0013885677493,-1.2249241492e-05,-0.0016972770085,0.00069553860092,8.5963174132e-06],[-4.7624239576e-05,-5.6593751228e-06,-0.0024747038175,-0.00054286223094,-0.00043952998273,6.2506017515e-05,0.0010004659891,0.00023955291935,0.00051749820259,-0.00038369308847,0.00020969003666,-0.00011980007214,-8.9523453084e-05,-1.2249241492e-05,0.0010924263728,6.3235005497e-05,8.1955295034e-06,0.00092207080869],[-0.045391012615,-0.0037329418558,0.00015914916463,-0.017411550408,-0.0015895480549,-0.00050209971567,-0.018633040052,-0.0023555320345,0.001273943771,-0.02029889775,-0.0041298924876,-0.00044117505393,-0.011781248788,-0.0016972770085,6.3235005497e-05,0.11351555386,0.013505182668,-0.00055303265543],[-0.0037426450386,-0.017717096973,2.2709221853e-05,-0.013633305098,6.4564791799e-05,-0.0011148466793,-0.0044940898955,-0.00018446783736,0.00049584267374,0.010057571586,0.003478744711,0.00066198266769,-0.001692749349,0.00069553860092,8.1955295034e-06,0.013505182668,0.013662722279,-7.3880750188e-05],[0.00015297660039,2.1831837103e-05,-0.017226753517,0.0088493020455,6.2462378296e-05,0.0011626928014,-0.013734590188,-0.0015102133703,0.002633023072,0.0052192793088,0.0014911993348,0.00063631599621,6.6065708888e-05,8.5963174132e-06,0.00092207080869,-0.00055303265543,-7.3880750188e-05,0.011872658021]],"logfile":"P/opt+numfreq.out","mult":1,"atomnos":[6,1,1,1,53,53],"atomcoords":[[-2.55836697554081,0.94449099377875,0.00344023207575],[-2.35616993688771,1.78980265556328,-0.63346236080285],[-2.25941201513241,1.129377728953,1.02201538101552],[-2.12211381843891,0.03837103377043,-0.38363173053801],[0.57785095303951,1.3633518897627,-0.0122719643821],[-4.73702595303966,0.65491008017186,0.0152254396317]],"atommasses":[12.011,1.008,1.008,1.008,126.90447,126.90447],"vibfreqs":[82.21,104.14,104.23,421.33,913.57,913.65,1243.37,1433.29,1433.69,3098.19,3126.51,3127.06]}}}