# t,R(g),TS#(g),P(g)
0.000000000000000000e+00,1.000000000000000000e+00,0.000000000000000000e+00,0.000000000000000000e+00
1.135410126110460949e-11,9.687406659318663626e-01,0.000000000000000000e+00,3.125933406813369286e-02
1.189352786498108391e-11,9.673050787016854724e-01,0.000000000000000000e+00,3.269492129831454152e-02
1.245858230625995316e-11,9.658059934454473749e-01,0.000000000000000000e+00,3.419400655455266669e-02
1.305048214826715191e-11,9.642408346541148090e-01,0.000000000000000000e+00,3.575916534588528817e-02
1.367050280003872801e-11,9.626069449114869059e-01,0.000000000000000000e+00,3.739305508851314269e-02
1.431998026453612920e-11,9.609015845691691871e-01,0.000000000000000000e+00,3.909841543083091009e-02
1.500031401742760359e-11,9.591219316979104903e-01,0.000000000000000000e+00,4.087806830208957215e-02
1.571297002263877200e-11,9.572650823485920890e-01,0.000000000000000000e+00,4.273491765140796650e-02
1.645948389117023459e-11,9.553280511584603119e-01,0.000000000000000000e+00,4.467194884153970202e-02
1.724146418998870931e-11,9.533077723405075643e-01,0.000000000000000000e+00,4.669222765949250509e-02
1.806059590812162929e-11,9.512011029852815991e-01,0.000000000000000000e+00,4.879889701471849112e-02
1.891864408742383697e-11,9.490048656307004116e-01,0.000000000000000000e+00,5.099513436929960231e-02
1.981745762583984772e-11,9.467157064596513072e-01,0.000000000000000000e+00,5.328429354034873444e-02
2.075897326135682934e-11,9.443302617115812980e-01,0.000000000000000000e+00,5.566973828841872973e-02
2.174521974523284258e-11,9.418451010781042632e-01,0.000000000000000000e+00,5.815489892189583399e-02
2.270820252220921899e-11,9.394319331514808802e-01,0.000000000000000000e+00,6.056806684851912675e-02
2.277832221349265216e-11,9.392567322741351976e-01,0.000000000000000000e+00,6.074326772586484402e-02
2.386050676611072761e-11,9.365616063782944423e-01,0.000000000000000000e+00,6.343839362170559937e-02
2.499410526374848707e-11,9.337561240029337295e-01,0.000000000000000000e+00,6.624387599706628438e-02
2.618156035238169650e-11,9.308366423548570801e-01,0.000000000000000000e+00,6.916335764514300322e-02
2.742543072664491389e-11,9.277994832476783582e-01,0.000000000000000000e+00,7.220051675232164179e-02
2.872839664323431926e-11,9.246409421255677996e-01,0.000000000000000000e+00,7.535905787443220039e-02
3.009326569624900513e-11,9.213572981556039654e-01,0.000000000000000000e+00,7.864270184439610401e-02
3.152297886691534308e-11,9.179448254417661435e-01,0.000000000000000000e+00,8.205517455823391204e-02
3.302061686073012078e-11,9.143998054073777526e-01,0.000000000000000000e+00,8.560019459262234454e-02
3.406230378331383010e-11,9.119517661922259544e-01,0.000000000000000000e+00,8.804823380777407338e-02
3.458940674567761484e-11,9.107185403841032700e-01,0.000000000000000000e+00,8.928145961589677160e-02
3.623272890582438126e-11,9.068973684338819119e-01,0.000000000000000000e+00,9.310263156611810198e-02
3.795412432527521599e-11,9.029326794148121449e-01,0.000000000000000000e+00,9.706732058518793838e-02
3.975730221818557253e-11,8.988210149840529795e-01,0.000000000000000000e+00,1.011789850159470067e-01
4.164614802127123932e-11,8.945588929111485399e-01,0.000000000000000000e+00,1.054411070888515434e-01
4.362473176603753266e-11,8.901429128888097564e-01,0.000000000000000000e+00,1.098570871111902852e-01
4.541640504441843798e-11,8.861865996462684469e-01,0.000000000000000000e+00,1.138134003537316224e-01
4.569731684876800011e-11,8.855699364165525722e-01,0.000000000000000000e+00,1.144300635834474555e-01
4.786836921717014408e-11,8.808369980324820547e-01,0.000000000000000000e+00,1.191630019675180008e-01
5.014256699347322463e-11,8.759413323794128514e-01,0.000000000000000000e+00,1.240586676205871902e-01
5.252481055471369169e-11,8.708804025236773771e-01,0.000000000000000000e+00,1.291195974763225951e-01
5.502023309192901447e-11,8.656519293040542129e-01,0.000000000000000000e+00,1.343480706959458149e-01
5.677050630552304586e-11,8.620286651904405240e-01,0.000000000000000000e+00,1.379713348095595593e-01
5.763421167101249952e-11,8.602539214085730412e-01,0.000000000000000000e+00,1.397460785914270420e-01
6.037237881906280110e-11,8.546847057805461167e-01,0.000000000000000000e+00,1.453152942194539110e-01
6.324063466119397266e-11,8.489429578390494946e-01,0.000000000000000000e+00,1.510570421609505332e-01
6.624515963395813077e-11,8.430278689754954202e-01,0.000000000000000000e+00,1.569721310245046075e-01
6.812460756662766020e-11,8.393786607918815035e-01,0.000000000000000000e+00,1.606213392081185520e-01
6.939242780277536356e-11,8.369388683454144218e-01,0.000000000000000000e+00,1.630611316545856337e-01
7.268922081206671609e-11,8.306760088949890486e-01,0.000000000000000000e+00,1.693239911050110347e-01
7.614264249814977004e-11,8.242400201793685932e-01,0.000000000000000000e+00,1.757599798206314623e-01
7.947870882773226162e-11,8.181414115436245194e-01,0.000000000000000000e+00,1.818585884563755639e-01
7.976013419638418447e-11,8.176322063996886991e-01,0.000000000000000000e+00,1.823677936003113564e-01
8.354949077555062370e-11,8.108544762588107968e-01,0.000000000000000000e+00,1.891455237411892032e-01
8.751887743401354086e-11,8.039093670176964412e-01,0.000000000000000000e+00,1.960906329823035865e-01
9.083281008883687596e-11,7.982297833244108576e-01,0.000000000000000000e+00,2.017702166755891979e-01
9.167684729385957935e-11,7.968002770482848218e-01,0.000000000000000000e+00,2.031997229517152614e-01
9.603235983092315407e-11,7.895310517628484348e-01,0.000000000000000000e+00,2.104689482371515652e-01
1.005948001804114943e-10,7.821063558245182623e-01,0.000000000000000000e+00,2.178936441754817377e-01
1.021869113499414903e-10,7.795603165452075212e-01,0.000000000000000000e+00,2.204396834547925066e-01
1.053739993597285394e-10,7.745322623720936051e-01,0.000000000000000000e+00,2.254677376279065060e-01
1.103802554520726447e-10,7.668156935481865721e-01,0.000000000000000000e+00,2.331843064518135389e-01
1.135410126110460917e-10,7.620555486476000562e-01,0.000000000000000000e+00,2.379444513523999716e-01
1.156243557964572738e-10,7.589644034781808379e-01,0.000000000000000000e+00,2.410355965218191621e-01
1.211176002319588679e-10,7.509869381458880166e-01,0.000000000000000000e+00,2.490130618541120111e-01
1.248951138721506931e-10,7.456437518470999670e-01,0.000000000000000000e+00,2.543562481528999775e-01
1.268718254462975032e-10,7.428930235466589815e-01,0.000000000000000000e+00,2.571069764533410740e-01
1.328994304811889229e-10,7.346928096837516131e-01,0.000000000000000000e+00,2.653071903162484424e-01
1.362492151332553204e-10,7.302553353440915940e-01,0.000000000000000000e+00,2.697446646559083505e-01
1.392134034494570998e-10,7.263984179955834675e-01,0.000000000000000000e+00,2.736015820044165325e-01
1.458273495214437659e-10,7.180230716933926338e-01,0.000000000000000000e+00,2.819769283066073107e-01
1.476033163943599218e-10,7.158272068053030956e-01,0.000000000000000000e+00,2.841727931946969044e-01
1.527555202410535844e-10,7.095806945039389024e-01,0.000000000000000000e+00,2.904193054960611531e-01
1.589574176554645232e-10,7.022998839767146118e-01,0.000000000000000000e+00,2.977001160232853882e-01
1.600128442345683485e-10,7.010861333307282228e-01,0.000000000000000000e+00,2.989138666692718327e-01
1.676149593784378734e-10,6.925547934611097078e-01,0.000000000000000000e+00,3.074452065388902922e-01
1.703115189165691505e-10,6.896159438194006119e-01,0.000000000000000000e+00,3.103840561805993326e-01
1.755782464953268256e-10,6.840041658559663507e-01,0.000000000000000000e+00,3.159958341440336493e-01
1.816656201776737519e-10,6.777237066432457713e-01,0.000000000000000000e+00,3.222762933567542842e-01
1.839198646510512635e-10,6.754524827686213539e-01,0.000000000000000000e+00,3.245475172313786461e-01
1.926577881284475519e-10,6.669185994208357560e-01,0.000000000000000000e+00,3.330814005791641885e-01
1.930197214387783533e-10,6.665741515314305143e-01,0.000000000000000000e+00,3.334258484685694857e-01
2.018108451578486166e-10,6.584207748101886803e-01,0.000000000000000000e+00,3.415792251898113197e-01
2.043738226998829806e-10,6.561192155239277124e-01,0.000000000000000000e+00,3.438807844760722321e-01
2.113987584876221264e-10,6.499798806446194233e-01,0.000000000000000000e+00,3.500201193553804657e-01
2.157279239609875820e-10,6.463167356214579717e-01,0.000000000000000000e+00,3.536832643785420283e-01
2.214421878821905683e-10,6.416175272909989680e-01,0.000000000000000000e+00,3.583824727090010320e-01
2.270820252220921834e-10,6.371266244519208088e-01,0.000000000000000000e+00,3.628733755480791356e-01
2.319627746391074306e-10,6.333546289992411094e-01,0.000000000000000000e+00,3.666453710007588906e-01
2.384361264831967848e-10,6.285100096276704518e-01,0.000000000000000000e+00,3.714899903723294927e-01
2.429831882211128506e-10,6.252115912419968780e-01,0.000000000000000000e+00,3.747884087580030110e-01
2.497902277443013863e-10,6.204301216842590394e-01,0.000000000000000000e+00,3.795698783157409051e-01
2.545271751036506194e-10,6.172101808341383666e-01,0.000000000000000000e+00,3.827898191658615779e-01
2.611443290054060394e-10,6.128548587143671789e-01,0.000000000000000000e+00,3.871451412856327656e-01
2.666196099431019425e-10,6.093728297717329045e-01,0.000000000000000000e+00,3.906271702282669844e-01
2.724984302665106408e-10,6.057527039813956904e-01,0.000000000000000000e+00,3.942472960186042541e-01
2.792865491759911191e-10,6.017200741644374018e-01,0.000000000000000000e+00,3.982799258355625427e-01
2.838525315276152422e-10,5.990933705941611231e-01,0.000000000000000000e+00,4.009066294058388769e-01
2.925552871646580515e-10,5.942714351948544804e-01,0.000000000000000000e+00,4.057285648051455196e-01
2.952066327887198436e-10,5.928491532631148253e-01,0.000000000000000000e+00,4.071508467368850637e-01
3.064544150103780485e-10,5.870481366651870703e-01,0.000000000000000000e+00,4.129518633348129297e-01
3.065607340498244450e-10,5.869950517172932702e-01,0.000000000000000000e+00,4.130049482827066742e-01
3.179148353109290465e-10,5.815067249441602248e-01,0.000000000000000000e+00,4.184932750558396641e-01
3.210138821606580333e-10,5.800690191814878993e-01,0.000000000000000000e+00,4.199309808185119897e-01
3.292689365720336996e-10,5.763599771308499653e-01,0.000000000000000000e+00,4.236400228691499237e-01
3.362650609434589784e-10,5.733496430187596804e-01,0.000000000000000000e+00,4.266503569812401531e-01
3.406230378331383010e-10,5.715340620516509151e-01,0.000000000000000000e+00,4.284659379483489183e-01
3.519771390942429024e-10,5.670098639142159280e-01,0.000000000000000000e+00,4.329901360857839054e-01
3.522408141674006584e-10,5.669082305064422345e-01,0.000000000000000000e+00,4.330917694935576545e-01
3.633312403553475038e-10,5.627682669261978576e-01,0.000000000000000000e+00,4.372317330738020313e-01
3.689755659336118682e-10,5.607594505605678625e-01,0.000000000000000000e+00,4.392405494394320820e-01
3.746853416164521052e-10,5.587914033734671104e-01,0.000000000000000000e+00,4.412085966265328341e-01
3.860394428775567067e-10,5.550618458846940939e-01,0.000000000000000000e+00,4.449381541153058506e-01
3.865053758118101143e-10,5.549138704556815238e-01,0.000000000000000000e+00,4.450861295443183097e-01
3.973935441386613081e-10,5.515652042765936125e-01,0.000000000000000000e+00,4.484347957234062765e-01
4.048680165404421871e-10,5.493835695700827193e-01,0.000000000000000000e+00,4.506164304299171142e-01
4.087476453997659612e-10,5.482871945661494939e-01,0.000000000000000000e+00,4.517128054338503951e-01
4.201017466608705626e-10,5.452139014284183016e-01,0.000000000000000000e+00,4.547860985715815874e-01
4.241030554183123965e-10,5.441770790238853461e-01,0.000000000000000000e+00,4.558229209761145428e-01
4.314558479219751640e-10,5.423318751165849827e-01,0.000000000000000000e+00,4.576681248834148508e-01
4.428099491830797654e-10,5.396294678807745937e-01,0.000000000000000000e+00,4.603705321192252953e-01
4.442519395630789088e-10,5.392985704857250484e-01,0.000000000000000000e+00,4.607014295142748961e-01
4.541640504441843669e-10,5.370960062334797502e-01,0.000000000000000000e+00,4.629039937665201387e-01
4.653580852203303441e-10,5.347532505437081474e-01,0.000000000000000000e+00,4.652467494562917416e-01
4.655181517052889683e-10,5.347208166871931789e-01,0.000000000000000000e+00,4.652791833128066545e-01
4.768722529663935697e-10,5.324942023439921401e-01,0.000000000000000000e+00,4.675057976560076933e-01
4.874669713156837233e-10,5.305411575800547119e-01,0.000000000000000000e+00,4.694588424199450660e-01
4.882263542274981711e-10,5.304056167759004792e-01,0.000000000000000000e+00,4.695943832240994098e-01
4.995804554886027725e-10,5.284472301453878584e-01,0.000000000000000000e+00,4.715527698546120305e-01
5.106262374514867501e-10,5.266596981853474135e-01,0.000000000000000000e+00,4.733403018146524754e-01
5.109345567497074773e-10,5.266113988061744688e-01,0.000000000000000000e+00,4.733886011938253091e-01
5.222886580108120788e-10,5.248904791119807234e-01,0.000000000000000000e+00,4.751095208880191101e-01
5.336427592719166802e-10,5.232770395662879048e-01,0.000000000000000000e+00,4.767229604337119286e-01
5.348857865592855416e-10,5.231066630800075279e-01,0.000000000000000000e+00,4.768933369199922501e-01
5.449968605330212816e-10,5.217640878289570017e-01,0.000000000000000000e+00,4.782359121710428318e-01
5.563509617941258830e-10,5.203450529202688912e-01,0.000000000000000000e+00,4.796549470797308867e-01
5.602978924292494731e-10,5.198727910978730993e-01,0.000000000000000000e+00,4.801272089021267897e-01
5.677050630552304844e-10,5.190146269468896012e-01,0.000000000000000000e+00,4.809853730531102878e-01
5.790591643163350858e-10,5.177675020154847152e-01,0.000000000000000000e+00,4.822324979845151183e-01
5.869173123482561437e-10,5.169503574094360676e-01,0.000000000000000000e+00,4.830496425905637659e-01
5.904132655774396873e-10,5.165983702327202609e-01,0.000000000000000000e+00,4.834016297672796281e-01
6.017673668385442887e-10,5.155022747123534366e-01,0.000000000000000000e+00,4.844977252876463414e-01
6.131214680996488901e-10,5.144742273992169990e-01,0.000000000000000000e+00,4.855257726007828900e-01
6.148014050893435090e-10,5.143276401051736224e-01,0.000000000000000000e+00,4.856723598948262666e-01
6.244755693607534915e-10,5.135101452061722194e-01,0.000000000000000000e+00,4.864898547938276141e-01
6.358296706218580929e-10,5.126063422311489814e-01,0.000000000000000000e+00,4.873936577688508520e-01
6.440102545067720849e-10,5.119904455313019076e-01,0.000000000000000000e+00,4.880095544686978704e-01
6.471837718829626943e-10,5.117591325720769468e-01,0.000000000000000000e+00,4.882408674279228311e-01
6.585378731440673992e-10,5.109648303268861103e-01,0.000000000000000000e+00,4.890351696731137232e-01
6.698919744051720006e-10,5.102204650225473648e-01,0.000000000000000000e+00,4.897795349774525797e-01
6.746067990030139144e-10,5.099249856669635372e-01,0.000000000000000000e+00,4.900750143330362962e-01
6.812460756662766020e-10,5.095219411574283264e-01,0.000000000000000000e+00,4.904780588425715071e-01
6.926001769273812034e-10,5.088667536516373602e-01,0.000000000000000000e+00,4.911332463483624733e-01
7.039542781884858048e-10,5.082525043614403160e-01,0.000000000000000000e+00,4.917474956385595730e-01
7.066569671466425075e-10,5.081120592798457070e-01,0.000000000000000000e+00,4.918879407201541820e-01
7.153083794495904062e-10,5.076767951431031545e-01,0.000000000000000000e+00,4.923232048568967345e-01
7.266624807106950077e-10,5.071372278528918365e-01,0.000000000000000000e+00,4.928627721471080525e-01
7.380165819717996091e-10,5.066314043470723227e-01,0.000000000000000000e+00,4.933685956529275662e-01
7.402298197333465022e-10,5.065365304889856146e-01,0.000000000000000000e+00,4.934634695110143299e-01
7.493706832329042105e-10,5.061572104443459175e-01,0.000000000000000000e+00,4.938427895556539715e-01
7.607247844940088119e-10,5.057124093373935869e-01,0.000000000000000000e+00,4.942875906626062465e-01
7.720788857551134133e-10,5.052951002050957152e-01,0.000000000000000000e+00,4.947048997949041738e-01
7.753976985961796035e-10,5.051780982765199379e-01,0.000000000000000000e+00,4.948219017234799511e-01
7.834329870162180147e-10,5.049037963519029670e-01,0.000000000000000000e+00,4.950962036480968664e-01
7.947870882773226162e-10,5.045370110822662291e-01,0.000000000000000000e+00,4.954629889177336599e-01
8.061411895384273210e-10,5.041932577006361660e-01,0.000000000000000000e+00,4.958067422993637230e-01
8.122363824856953010e-10,5.040177036526973797e-01,0.000000000000000000e+00,4.959822963473024537e-01
8.174952907995319224e-10,5.038710495114635535e-01,0.000000000000000000e+00,4.961289504885362800e-01
8.288493920606365238e-10,5.035689448213908070e-01,0.000000000000000000e+00,4.964310551786089709e-01
8.402034933217411252e-10,5.032859628878934011e-01,0.000000000000000000e+00,4.967140371121064324e-01
8.508252503558556669e-10,5.030368558116319333e-01,0.000000000000000000e+00,4.969631441883679002e-01
8.515575945828457266e-10,5.030202185454211161e-01,0.000000000000000000e+00,4.969797814545787729e-01
8.629116958439503281e-10,5.027708535592262384e-01,0.000000000000000000e+00,4.972291464407735950e-01
8.742657971050549295e-10,5.025370096945614984e-01,0.000000000000000000e+00,4.974629903054383906e-01
8.856198983661595309e-10,5.023178287166791822e-01,0.000000000000000000e+00,4.976821712833207068e-01
8.912474524075550941e-10,5.022143638920140152e-01,0.000000000000000000e+00,4.977856361079858183e-01
8.969739996272641323e-10,5.021124523908317983e-01,0.000000000000000000e+00,4.978875476091680352e-01
9.083281008883687337e-10,5.019200224822718548e-01,0.000000000000000000e+00,4.980799775177279232e-01
9.196822021494733351e-10,5.017396807562518601e-01,0.000000000000000000e+00,4.982603192437479178e-01
9.310363034105779366e-10,5.015705689780243226e-01,0.000000000000000000e+00,4.984294310219755664e-01
9.335900892583216009e-10,5.015339913476087874e-01,0.000000000000000000e+00,4.984660086523911016e-01
9.423904046716826414e-10,5.014120918033427854e-01,0.000000000000000000e+00,4.985879081966569926e-01
9.537445059327871394e-10,5.012633540649258368e-01,0.000000000000000000e+00,4.987366459350740522e-01
9.650986071938918442e-10,5.011237455151111853e-01,0.000000000000000000e+00,4.988762544848886482e-01
9.764527084549963422e-10,5.009927970046174073e-01,0.000000000000000000e+00,4.990072029953823707e-01
9.779443996242635387e-10,5.009762119525873469e-01,0.000000000000000000e+00,4.990237880474124310e-01
9.878068097161010470e-10,5.008700393841629683e-01,0.000000000000000000e+00,4.991299606158369206e-01
9.991609109772055451e-10,5.007550035044660008e-01,0.000000000000000000e+00,4.992449964955337771e-01
1.010515012238310250e-09,5.006472202162451923e-01,0.000000000000000000e+00,4.993527797837546411e-01
1.021869113499414955e-09,5.005462203702187862e-01,0.000000000000000000e+00,4.994537796297810472e-01
1.024405956918674232e-09,5.005245336109257481e-01,0.000000000000000000e+00,4.994754663890740853e-01
1.033223214760519453e-09,5.004515348171051370e-01,0.000000000000000000e+00,4.995484651828946965e-01
1.044577316021624158e-09,5.003628366433587882e-01,0.000000000000000000e+00,4.996371633566409898e-01
1.055931417282728656e-09,5.002797496696779200e-01,0.000000000000000000e+00,4.997202503303219689e-01
1.067285518543833360e-09,5.002016361721675075e-01,0.000000000000000000e+00,4.997983638278322704e-01
1.073074875190918869e-09,5.001636476899185002e-01,0.000000000000000000e+00,4.998363523100813333e-01
1.078639619804937858e-09,5.001282676613262312e-01,0.000000000000000000e+00,4.998717323386736577e-01
1.089993721066042563e-09,5.000594156476521057e-01,0.000000000000000000e+00,4.999405843523477277e-01
1.101347822327147061e-09,4.999948516416437005e-01,0.000000000000000000e+00,5.000051483583561884e-01
1.112701923588251766e-09,4.999343471537992523e-01,0.000000000000000000e+00,5.000656528462006367e-01
1.124056024849356264e-09,4.998776736946171084e-01,0.000000000000000000e+00,5.001223263053827806e-01
