{"scheme":["R(g) -> TS#(g) -> P(g)"],"compounds":{"R(g)":{"energy":-30337264.087670013,"hessian":[[0.191707872,-0.043811329282,0.0014759223097,-0.068688230924,0.075721110018,-0.061479368121,-0.051416034809,0.0095087139785,0.075949509516,-0.034066991565,-0.038983507716,-0.0160025811,-0.045536486733,-0.0038041156929,0.00012766966297,0.0079998357796,0.0013691391527,-7.1139639243e-05],[-0.043811329282,0.51189841072,0.00012393690132,0.082420253079,-0.17696362698,0.11322453659,0.010693901738,-0.043794945262,-0.024556932917,-0.046863808663,-0.27111834924,-0.088802910927,-0.0038249383042,-0.017731421834,1.9140748346e-05,0.001385933495,-0.002290366892,-7.7688823726e-06],[0.0014759223097,0.00012393690132,0.5180118738,-0.066687025564,0.11254791426,-0.13579308332,0.08430600931,-0.023423239328,-0.28624927455,-0.019148649696,-0.089259600296,-0.076269793538,0.00011440676054,1.7260511383e-05,-0.017223916704,-6.0665673431e-05,-6.2859413617e-06,-0.0024761038922],[-0.068688230924,0.082420253079,-0.066687025564,0.085961969511,-0.081550576754,0.067491330535,0.0045623800282,-0.0055825824207,0.0043338668977,0.0030373762236,-0.0019668434899,0.0025226637423,-0.020131807477,0.0081382224453,-0.0083541348885,-0.0047416671502,-0.0014584848642,0.00069330102553],[0.075721110018,-0.17696362698,0.11254791426,-0.081550576754,0.19674037053,-0.1267050858,-0.0010007748965,0.0014274870157,-0.00041083049787,0.010563973641,-0.02407812469,0.017079654577,-0.0039074102935,0.0027134458894,-0.0022278808555,0.00017365492931,0.0001605663384,-0.00028373938515],[-0.061479368121,0.11322453659,-0.13579308332,0.067491330535,-0.1267050858,0.14911938272,-0.010436694521,0.022153841946,-0.02082434779,0.0040125638676,-0.0072013785838,0.0061929186406,0.00099421829607,-0.0010270287585,0.0012412689083,-0.00058203586002,-0.00044483414337,6.3980957256e-05],[-0.051416034809,0.010693901738,0.08430600931,0.0045623800282,-0.0010007748965,-0.010436694521,0.067896323816,-0.0086125531692,-0.083086463852,0.0026767981814,0.00029079813551,-0.0036632534217,-0.018962685442,-0.00062795171631,0.013857225187,-0.0047567883687,-0.00074342941315,-0.00097682340031],[0.0095087139785,-0.043794945262,-0.023423239328,-0.0055825824207,0.0014274870157,0.022153841946,-0.0086125531692,0.046796423018,0.027682936929,0.0079115118837,-0.0044196616978,-0.028565977313,-0.0027671133902,0.00028112812689,0.0021785866074,-0.00045798874103,-0.00029035046538,-2.6174775516e-05],[0.075949509516,-0.024556932917,-0.28624927455,0.0043338668977,-0.00041083049787,-0.02082434779,-0.083086463852,0.027682936929,0.3171480718,0.0028878397762,-0.0031156236091,-0.01310186814,-0.0011480534927,0.00015359889105,0.0025106001636,0.0010632799225,0.00024686396937,0.00051689010348],[-0.034066991565,-0.046863808663,-0.019148649696,0.0030373762236,0.010563973641,0.0040125638676,0.0026767981814,0.0079115118837,0.0028878397762,0.050254596258,0.04381456035,0.017120888938,-0.01722645076,-0.015682991288,-0.0052354640479,-0.0046753692207,0.00025676607675,0.00036282644824],[-0.038983507716,-0.27111834924,-0.089259600296,-0.0019668434899,-0.02407812469,-0.0072013785838,0.00029079813551,-0.0044196616978,-0.0031156236091,0.04381456035,0.29894501597,0.099173546814,-0.0014868428512,0.00033914688647,8.2751983468e-05,-0.0016681555539,0.00033206585289,0.00032029826895],[-0.0160025811,-0.088802910927,-0.076269793538,0.0025226637423,0.017079654577,0.0061929186406,-0.0036632534217,-0.028565977313,-0.01310186814,0.017120888938,0.099173546814,0.0826116201,0.00042880772911,0.00090792590398,0.00068613559092,-0.00040651629906,0.00020770627947,-0.00011891305133],[-0.045536486733,-0.0038249383042,0.00011440676054,-0.020131807477,-0.0039074102935,0.00099421829607,-0.018962685442,-0.0027671133902,-0.0011480534927,-0.01722645076,-0.0014868428512,0.00042880772911,0.11365128968,0.013672042183,-0.00046109529487,-0.011794064795,-0.0016857338373,7.1695567099e-05],[-0.0038041156929,-0.017731421834,1.7260511383e-05,0.0081382224453,0.0027134458894,-0.0010270287585,-0.00062795171631,0.00028112812689,0.00015359889105,-0.015682991288,0.00033914688647,0.00090792590398,0.013672042183,0.013699871515,-6.0666657377e-05,-0.001695243459,0.00069784205835,8.9074641848e-06],[0.00012766966297,1.9140748346e-05,-0.017223916704,-0.0083541348885,-0.0022278808555,0.0012412689083,0.013857225187,0.0021785866074,0.0025106001636,-0.0052354640479,8.2751983468e-05,0.00068613559092,-0.00046109529487,-6.0666657377e-05,0.011861774119,6.5801324887e-05,8.0725548073e-06,0.00092414726604],[0.0079998357796,0.001385933495,-6.0665673431e-05,-0.0047416671502,0.00017365492931,-0.00058203586002,-0.0047567883687,-0.00045798874103,0.0010632799225,-0.0046753692207,-0.0016681555539,-0.00040651629906,-0.011794064795,-0.001695243459,6.5801324887e-05,0.017968322803,0.0022617946927,-7.9861943678e-05],[0.0013691391527,-0.002290366892,-6.2859413617e-06,-0.0014584848642,0.0001605663384,-0.00044483414337,-0.00074342941315,-0.00029035046538,0.00024686396937,0.00025676607675,0.00033206585289,0.00020770627947,-0.0016857338373,0.00069784205835,8.0725548073e-06,0.0022617946927,0.0013902380168,-1.1522525672e-05],[-7.1139639243e-05,-7.7688823726e-06,-0.0024761038922,0.00069330102553,-0.00028373938515,6.3980957256e-05,-0.00097682340031,-2.6174775516e-05,0.00051689010348,0.00036282644824,0.00032029826895,-0.00011891305133,7.1695567099e-05,8.9074641848e-06,0.00092414726604,-7.9861943678e-05,-1.1522525672e-05,0.0010899961693]],"logfile":"R/opt+numfreq.out","mult":1,"atomnos":[6,1,1,1,53,53],"atomcoords":[[-1.60094318376168,1.07155013264617,-0.00186200862134],[-2.02448156207438,1.83325850317293,-0.63556617354591],[-1.92833708366936,1.17279985967845,1.01975790118969],[-1.78788179098984,0.08216933864488,-0.38582184634639],[0.57706772273725,1.3636767632383,-0.01199850688838],[-4.73696410224199,0.65532540261928,0.01548063421232]],"atommasses":[12.011,1.008,1.008,1.008,126.90447,126.90447],"vibfreqs":[82.36,104.09,104.25,421.87,913.71,913.92,1243.78,1433.51,1433.78,3097.92,3126.23,3126.58]},"TS#(g)":{"energy":-30319662.41073964,"logfile":"TS/NEB-TS/optts+numfreq.out","mult":1,"atomnos":[6,1,1,1,53,53],"atomcoords":[[2.42220907e-06,-2.131561672e-05,-1.521430105e-05],[-0.11424233396634,0.8310805535451,-0.65663404150549],[-0.01443575322199,0.1482594060962,1.05484134973564],[0.12872155079378,-0.97966584813613,-0.3984106269976],[2.59438018671907,0.34635443116269,-0.01308495243906],[-2.5944260725336,-0.34600722705114,0.01330348550756]],"atommasses":[12.011,1.008,1.008,1.008,126.90447,126.90447],"vibfreqs":[-298.99,117.7,168.77,168.79,973.25,1006.39,1006.52,1337.9,1338.18,3161.78,3248.97,3249.27]},"P(g)":{"energy":-30337264.167196397,"hessian":[[0.19127780435,-0.043401073087,0.001793793818,-0.035439281454,-0.036082214056,0.028641334028,-0.047145035123,-0.01056115128,-0.069128282291,-0.071320431493,0.092377902455,0.038587788412,0.0080179176792,0.0014091994499,-4.7624239576e-05,-0.045391012615,-0.0037426450386,0.00015297660039],[-0.043401073087,0.51212620926,0.00012844297496,-0.042776731994,-0.20928615446,0.12597905848,-0.011749399232,-0.049543430067,-0.043833896992,0.10025813007,-0.23329530742,-0.082289778457,0.0014020280916,-0.0022845047633,-5.6593751228e-06,-0.0037329418558,-0.017717096973,2.1831837103e-05],[0.001793793818,0.00012844297496,0.51821400365,0.033841598356,0.12662717339,-0.13680013217,-0.07747436981,-0.044944128024,-0.28486246239,0.041731865382,-0.081827899551,-0.076850246913,-5.2035468653e-05,-6.2844255975e-06,-0.0024747038175,0.00015914916463,2.2709221853e-05,-0.017226753517],[-0.035439281454,-0.042776731994,0.033841598356,0.051627725582,0.040791050786,-0.030940281027,0.0026743471025,0.0061529171621,-0.004308489811,0.0032592533387,0.0093372346832,-0.0068992765392,-0.004710533338,0.00012883959479,-0.00054286223094,-0.017411550408,-0.013633305098,0.0088493020455],[-0.036082214056,-0.20928615446,0.12662717339,0.040791050786,0.23010402864,-0.14055370582,0.001332715834,0.0033431350994,-0.0015840114526,-0.0029489397379,-0.024374033312,0.015887643116,-0.0015030597695,0.00014857329869,-0.00043952998273,-0.0015895480549,6.4564791799e-05,6.2462378296e-05],[0.028641334028,0.12597905848,-0.13680013217,-0.030940281027,-0.14055370582,0.15014643113,0.0040219194481,0.02402130605,-0.020840699131,-0.0019486780501,-0.0080534648396,0.0062693211917,0.00072779133827,-0.00027829077909,6.2506017515e-05,-0.00050209971567,-0.0011148466793,0.0011626928014],[-0.047145035123,-0.011749399232,-0.07747436981,0.0026743471025,0.001332715834,0.0040219194481,0.063482243111,0.01332498914,0.075329650094,0.0043514932072,0.0020482469553,0.010856930535,-0.0047300236333,-0.00046246817022,0.0010004659891,-0.018633040052,-0.0044940898955,-0.013734590188],[-0.01056115128,-0.049543430067,-0.044944128024,0.0061529171621,0.0033431350994,0.02402130605,0.01332498914,0.052723075289,0.048747228291,-0.0058109620177,-0.0060457815968,-0.026553771002,-0.00075026820277,-0.00029245273572,0.00023955291935,-0.0023555320345,-0.00018446783736,-0.0015102133703],[-0.069128282291,-0.043833896992,-0.28486246239,-0.004308489811,-0.0015840114526,-0.020840699131,0.075329650094,0.048747228291,0.31569932664,-0.0021306091394,-0.0037915111734,-0.013146615328,-0.0010361909461,-3.3662711406e-05,0.00051749820259,0.001273943771,0.00049584267374,0.002633023072],[-0.071320431493,0.10025813007,0.041731865382,0.0032592533387,-0.0029489397379,-0.0019486780501,0.0043514932072,-0.0058109620177,-0.0021306091394,0.088709082229,-0.099940564378,-0.042488167069,-0.0047004774891,-0.0016152407452,-0.00038369308847,-0.02029889775,0.010057571586,0.0052192793088],[0.092377902455,-0.23329530742,-0.081827899551,0.0093372346832,-0.024374033312,-0.0080534648396,0.0020482469553,-0.0060457815968,-0.0037915111734,-0.099940564378,0.25989219677,0.091971978727,0.00030704670755,0.00034427267334,0.00020969003666,-0.0041298924876,0.003478744711,0.0014911993348],[0.038587788412,-0.082289778457,-0.076850246913,-0.0068992765392,0.015887643116,0.0062693211917,0.010856930535,-0.026553771002,-0.013146615328,-0.042488167069,0.091971978727,0.083211124668,0.00038389177189,0.00032189069833,-0.00011980007214,-0.00044117505393,0.00066198266769,0.00063631599621],[0.0080179176792,0.0014020280916,-5.2035468653e-05,-0.004710533338,-0.0015030597695,0.00072779133827,-0.0047300236333,-0.00075026820277,-0.0010361909461,-0.0047004774891,0.00030704670755,0.00038389177189,0.017904632494,0.0022369983087,-8.9523453084e-05,-0.011781248788,-0.001692749349,6.6065708888e-05],[0.0014091994499,-0.0022845047633,-6.2844255975e-06,0.00012883959479,0.00014857329869,-0.00027829077909,-0.00046246817022,-0.00029245273572,-3.3662711406e-05,-0.0016152407452,0.00034427267334,0.00032189069833,0.0022369983087,0.0013885677493,-1.2249241492e-05,-0.0016972770085,0.00069553860092,8.5963174132e-06],[-4.7624239576e-05,-5.6593751228e-06,-0.0024747038175,-0.00054286223094,-0.00043952998273,6.2506017515e-05,0.0010004659891,0.00023955291935,0.00051749820259,-0.00038369308847,0.00020969003666,-0.00011980007214,-8.9523453084e-05,-1.2249241492e-05,0.0010924263728,6.3235005497e-05,8.1955295034e-06,0.00092207080869],[-0.045391012615,-0.0037329418558,0.00015914916463,-0.017411550408,-0.0015895480549,-0.00050209971567,-0.018633040052,-0.0023555320345,0.001273943771,-0.02029889775,-0.0041298924876,-0.00044117505393,-0.011781248788,-0.0016972770085,6.3235005497e-05,0.11351555386,0.013505182668,-0.00055303265543],[-0.0037426450386,-0.017717096973,2.2709221853e-05,-0.013633305098,6.4564791799e-05,-0.0011148466793,-0.0044940898955,-0.00018446783736,0.00049584267374,0.010057571586,0.003478744711,0.00066198266769,-0.001692749349,0.00069553860092,8.1955295034e-06,0.013505182668,0.013662722279,-7.3880750188e-05],[0.00015297660039,2.1831837103e-05,-0.017226753517,0.0088493020455,6.2462378296e-05,0.0011626928014,-0.013734590188,-0.0015102133703,0.002633023072,0.0052192793088,0.0014911993348,0.00063631599621,6.6065708888e-05,8.5963174132e-06,0.00092207080869,-0.00055303265543,-7.3880750188e-05,0.011872658021]],"logfile":"P/opt+numfreq.out","mult":1,"atomnos":[6,1,1,1,53,53],"atomcoords":[[-2.55836697554081,0.94449099377875,0.00344023207575],[-2.35616993688771,1.78980265556328,-0.63346236080285],[-2.25941201513241,1.129377728953,1.02201538101552],[-2.12211381843891,0.03837103377043,-0.38363173053801],[0.57785095303951,1.3633518897627,-0.0122719643821],[-4.73702595303966,0.65491008017186,0.0152254396317]],"atommasses":[12.011,1.008,1.008,1.008,126.90447,126.90447],"vibfreqs":[82.21,104.14,104.23,421.33,913.57,913.65,1243.37,1433.29,1433.69,3098.19,3126.51,3127.06]}}}